1305031453.391690 0.017137421 0.002770054 -0.004971820 -0.000521757 -0.003529662 0.001592555 0.999992366
1305031453.423683 0.027255174 0.004087584 -0.011103896 0.001549824 -0.003521471 0.002196372 0.999990187
1305031453.459685 0.038983294 0.005481945 -0.019700585 0.002865219 -0.002886616 0.001685750 0.999990308
1305031453.491698 0.051814859 0.009198400 -0.027705819 0.004455717 -0.001015300 0.003212560 0.999984397
1305031453.523684 0.058577214 0.008625126 -0.038442961 0.004160975 0.001086337 0.005029975 0.999978103
1305031453.559753 0.057906559 0.011836630 -0.054052073 0.006105497 0.004245582 0.006798176 0.999949240
1305031453.591640 0.064302889 0.014884791 -0.067252702 0.006224283 0.000205032 0.001117791 0.999979983
1305031453.627706 0.067240595 0.015994900 -0.081686522 0.005035169 -0.000853385 0.002517884 0.999983789
1305031453.659600 0.064475986 0.017351497 -0.096429767 0.005027931 -0.000312927 -0.000370578 0.999987242
1305031453.691678 0.061164875 0.017955183 -0.110994642 0.002636309 -0.002934368 -0.003047460 0.999987576
1305031453.727652 0.056006753 0.026709206 -0.124804074 0.004480105 -0.002612468 -0.004631117 0.999975828
1305031453.759694 0.049812723 0.030719683 -0.141441565 0.001652078 -0.003613054 -0.003459376 0.999986125
1305031453.791716 0.045726268 0.039667372 -0.156397614 0.003980251 -0.005810577 -0.005048585 0.999962453
1305031453.827773 0.032008463 0.046634211 -0.169614274 0.001837131 -0.003088880 -0.002438102 0.999990570
1305031453.859705 0.013983088 0.049084136 -0.181565392 -0.000892245 -0.004469779 -0.003574214 0.999983225
1305031453.891710 -0.000166408 0.069627438 -0.192147202 0.004311665 -0.008428374 -0.001339438 0.999954288
1305031453.927723 -0.022834601 0.079752623 -0.201620258 -0.002458624 -0.005988206 -0.001161600 0.999978373
1305031453.959641 -0.038976861 0.093656326 -0.207470838 0.001673864 -0.009703268 -0.002363487 0.999948728
1305031453.991624 -0.062593705 0.100249927 -0.213214327 0.000317023 0.001111251 0.002877659 0.999995192
1305031454.027662 -0.083446662 0.099859801 -0.218472119 -0.000371078 -0.006937962 -0.009210206 0.999933447
1305031454.059654 -0.112972064 0.099619817 -0.222164235 -0.000973930 -0.000250187 -0.004593198 0.999988946
1305031454.091651 -0.135510942 0.097863569 -0.225120245 -0.002891030 -0.004841046 -0.009801595 0.999936065
1305031454.127701 -0.165499498 0.096696630 -0.228542854 0.000376284 0.000224823 -0.006949989 0.999975752
1305031454.159672 -0.193960932 0.097893649 -0.228177253 0.000436831 -0.004191349 -0.006230139 0.999971713
1305031454.191658 -0.210251979 0.102356169 -0.228619294 -0.001329529 -0.011324629 -0.009266525 0.999892052
1305031454.227671 -0.230915940 0.086402347 -0.226663258 -0.004777633 -0.007123999 -0.011659700 0.999895232
1305031454.259627 -0.253086985 0.079283577 -0.223156123 0.000703058 -0.003642574 -0.007521468 0.999964832
1305031454.291639 -0.274217821 0.083585655 -0.220550020 0.000125697 0.001200673 -0.002890595 0.999995094
1305031454.327699 -0.290546930 0.073876296 -0.220403312 -0.004581092 -0.005005368 -0.007656395 0.999947668
1305031454.359636 -0.312398578 0.066089266 -0.219845048 0.000466086 -0.004271715 -0.012317251 0.999914907
1305031454.391677 -0.334039276 0.075092887 -0.218490243 0.003548193 0.000953560 -0.004789108 0.999981783
1305031454.427465 -0.355513466 0.083593609 -0.219682893 0.002645878 0.001837270 -0.003636635 0.999988199
1305031454.459913 -0.370762235 0.083460684 -0.216812455 0.000105886 -0.003975702 -0.009891499 0.999943169
1305031454.491617 -0.389263442 0.094835846 -0.218171874 0.001531871 0.002091120 -0.006988212 0.999972222
1305031454.527700 -0.407051800 0.107822600 -0.219834817 -0.000643730 -0.001006059 -0.009466818 0.999954475
1305031454.559575 -0.418209876 0.123808020 -0.220001357 0.000386884 -0.002273389 -0.008618491 0.999960201
1305031454.591635 -0.432876926 0.135898046 -0.219722904 -0.000439741 -0.002126528 -0.012047413 0.999925069
1305031454.627580 -0.442784568 0.140754213 -0.217684562 -0.002134896 -0.003743625 -0.004979682 0.999978315
1305031454.659528 -0.449058512 0.146842965 -0.212206148 -0.001593497 -0.004595599 0.000610104 0.999987984
1305031454.691884 -0.470770561 0.149426868 -0.212921985 -0.006076079 -0.002505246 0.005551290 0.999962993
1305031454.727659 -0.472603682 0.148027791 -0.210268518 -0.003594535 -0.006272305 0.003197358 0.999968757
1305031454.759732 -0.476033229 0.152441262 -0.208785892 -0.002667368 -0.003140668 0.006550473 0.999970056
1305031454.791641 -0.477064091 0.159284343 -0.209154890 -0.000957332 -0.001469730 0.007887434 0.999967355
1305031454.827570 -0.474197677 0.167889815 -0.208024684 -0.000118594 -0.000642031 0.004300407 0.999990540
1305031454.859620 -0.466530483 0.177729554 -0.207468264 -0.001816510 -0.001386075 0.004840491 0.999985674
1305031454.891764 -0.458956756 0.187704147 -0.208959867 -0.001910326 0.000372203 0.004756892 0.999986792
1305031454.927567 -0.453688844 0.201516760 -0.209152008 0.000487742 0.001617528 0.005004491 0.999986050
1305031454.959648 -0.446032736 0.210137146 -0.207758619 -0.000698116 -0.000713382 0.001834729 0.999997819
1305031454.991937 -0.446107687 0.219045393 -0.209438954 -0.000572626 0.001435456 0.004227832 0.999989868
1305031455.027799 -0.449145792 0.227809180 -0.209908248 0.000609950 0.000316904 0.001782041 0.999998176
1305031455.059636 -0.449876479 0.237119555 -0.209912677 0.000941952 0.000414893 0.000828332 0.999999127
1305031455.091700 -0.452105021 0.242711843 -0.210467595 0.001266210 0.001532710 -0.002337759 0.999995291
1305031455.127695 -0.453377330 0.250201039 -0.210419565 0.001220087 0.001229720 -0.001823213 0.999996838
1305031455.159720 -0.463480933 0.250351627 -0.209073406 -0.003236273 0.003773587 0.001503537 0.999986513
1305031455.191655 -0.465441107 0.258250296 -0.206009746 0.000582417 0.000632138 0.001577835 0.999998386
1305031455.227581 -0.466898964 0.262474317 -0.206006463 0.000059782 -0.000113270 0.001894640 0.999998197
1305031455.259631 -0.468458354 0.273445919 -0.203963030 0.001702452 0.000232828 0.000680337 0.999998292
1305031455.291831 -0.471090488 0.274974996 -0.199924105 -0.005403896 0.000182852 0.005588534 0.999969766
1305031455.327766 -0.475655849 0.280244634 -0.199604443 -0.002973211 -0.001119353 0.008407203 0.999959612
1305031455.359630 -0.479464902 0.287914217 -0.196191417 -0.003677660 -0.001914044 0.006454550 0.999970575
1305031455.391665 -0.483194024 0.286394572 -0.192250197 -0.008505081 0.001591581 0.004592472 0.999952019
1305031455.427642 -0.477065565 0.286645268 -0.191137978 -0.006065013 -0.003359478 0.003203419 0.999970833
1305031455.459589 -0.474704516 0.281074168 -0.188776197 -0.004938970 -0.003168178 0.008502183 0.999946640
1305031455.491637 -0.474152795 0.279045450 -0.189184171 -0.002455866 -0.001643367 0.004548409 0.999985290
1305031455.527610 -0.475807523 0.271664739 -0.190509245 -0.003926290 -0.001146400 0.008814751 0.999952784
1305031455.559669 -0.477005694 0.265226059 -0.192976442 -0.000850250 -0.002930071 0.008324079 0.999960700
1305031455.591645 -0.473891106 0.261176803 -0.192728333 0.000625174 -0.004766082 0.008482635 0.999952468
1305031455.627617 -0.479080976 0.251504879 -0.193051111 -0.003273825 -0.002471075 0.008039107 0.999959273
1305031455.659615 -0.490651461 0.243769681 -0.199216377 0.001466457 0.001500684 0.002351165 0.999995035
1305031455.691605 -0.499179965 0.238435288 -0.206905767 0.001624865 0.002380018 -0.002920297 0.999991584
1305031455.727628 -0.513483451 0.235606132 -0.215549042 0.001279193 0.003847641 -0.005169646 0.999978417
1305031455.759683 -0.526478622 0.232049105 -0.224140759 0.000338656 0.005602954 -0.005428893 0.999969509
1305031455.791666 -0.536148399 0.221640225 -0.232217837 -0.000967857 0.003318306 -0.002189831 0.999991628
1305031455.827590 -0.546468932 0.217744935 -0.242168499 0.002698283 0.003461090 -0.001488542 0.999989262
1305031455.859526 -0.559487639 0.212915933 -0.252078321 0.000214365 0.003070167 -0.001616039 0.999993958
1305031455.891657 -0.570603416 0.205980606 -0.259034210 0.000043807 0.002492211 -0.002553964 0.999993632
1305031455.927955 -0.579694750 0.200612069 -0.266249114 -0.000643429 0.003297832 -0.001804868 0.999992726
1305031455.959716 -0.590409143 0.196556716 -0.272711982 -0.000407820 0.003650060 -0.001341554 0.999992355
1305031455.991694 -0.598016259 0.193622853 -0.278070768 -0.001748824 0.003299885 -0.004292533 0.999983813
1305031456.027770 -0.615157350 0.193838336 -0.281816465 -0.003828931 0.006597173 -0.002551629 0.999967652
1305031456.059713 -0.626761049 0.186665050 -0.283684123 -0.010281119 0.004976573 -0.004368078 0.999925223
1305031456.091707 -0.642478786 0.172752902 -0.283598240 -0.008535690 0.005940382 -0.004265533 0.999936828
1305031456.127645 -0.652082349 0.163344319 -0.285511015 -0.003763144 0.003420626 -0.002580579 0.999983739
1305031456.159731 -0.657585748 0.157716656 -0.289740506 -0.001217052 0.003375882 -0.004412571 0.999983826
1305031456.191658 -0.650120419 0.150133703 -0.293829490 0.002545909 0.002048992 -0.006312108 0.999974738
1305031456.227678 -0.661091562 0.158178662 -0.297653178 0.006477621 0.006213242 -0.004188047 0.999950947
1305031456.291675 -0.670759339 0.151101951 -0.297827237 -0.002483490 0.006126648 -0.003328113 0.999972610
1305031456.327718 -0.677216069 0.140648408 -0.296766513 0.005058342 0.012383772 -0.001183289 0.999909824
1305031456.391619 -0.673779709 0.144941923 -0.295417712 0.005941582 0.005330317 -0.000903150 0.999967734
1305031456.427662 -0.698131865 0.141490029 -0.289560280 0.004895243 0.020071551 0.005568927 0.999771052
1305031456.491677 -0.707961305 0.151083047 -0.282704448 0.003554249 0.003664206 0.003440655 0.999981051
1305031456.527641 -0.724768653 0.151891302 -0.262568738 -0.010854589 -0.002418860 0.009439521 0.999893606
1305031456.591651 -0.725113996 0.146971798 -0.251730505 -0.003709893 -0.001487450 0.000079641 0.999992009
1305031456.627612 -0.740378529 0.165629898 -0.230569963 -0.005992291 0.004797226 0.007091207 0.999945395
1305031456.691612 -0.756395403 0.159294764 -0.218529837 -0.013645965 0.007171905 0.007218573 0.999855111
1305031456.727693 -0.764948834 0.172560730 -0.199424624 0.000350334 -0.000813136 0.011905999 0.999928729
1305031456.791649 -0.769982701 0.164194278 -0.185987185 -0.008327564 -0.004221613 0.005941575 0.999938762
1305031456.827603 -0.770350577 0.180728719 -0.168387069 0.006065435 -0.015051225 0.008268126 0.999834141
1305031456.891672 -0.780604884 0.180770568 -0.157007886 -0.007064884 0.001187402 0.005927717 0.999956769
1305031456.927690 -0.789788607 0.187035891 -0.142045572 0.000794789 0.002604426 0.002916503 0.999992040
1305031456.959667 -0.795485965 0.195697325 -0.133476658 0.000744547 0.002400997 0.001517916 0.999995688
1305031456.991709 -0.802461006 0.190029397 -0.121862683 -0.009225095 0.001631308 -0.001850674 0.999954405
1305031457.027648 -0.812121222 0.192302425 -0.117075693 -0.002220677 0.003690543 0.001495600 0.999989606
1305031457.091655 -0.818236105 0.197904383 -0.113293770 -0.002294244 0.002153623 0.002167358 0.999992700
1305031457.127632 -0.837394501 0.186028694 -0.105658134 -0.014968971 0.009760109 0.004469882 0.999830331
1305031457.191735 -0.845146809 0.186347651 -0.108117709 0.001270410 0.003501124 0.001446391 0.999992018
1305031457.227543 -0.865025597 0.185613884 -0.116282491 -0.003110034 0.010017357 0.008085519 0.999912298
1305031457.291656 -0.870775996 0.177472006 -0.123238584 -0.002099245 0.002251894 -0.001415190 0.999994260
1305031457.327548 -0.890443354 0.183452648 -0.139904541 0.013703084 0.010866211 0.003556483 0.999840738
1305031457.391684 -0.900367385 0.180245689 -0.147604410 0.001230835 0.005698917 -0.002642987 0.999979511
1305031457.427641 -0.927272313 0.179461800 -0.169888685 0.008542112 0.014323493 0.010048759 0.999810428
1305031457.491705 -0.933141814 0.175578519 -0.179732363 0.000163797 0.000904445 0.001387822 0.999998615
1305031457.527638 -0.942198057 0.168659482 -0.189409851 0.000221704 0.000957424 0.003116555 0.999994661
1305031457.559685 -0.953916509 0.166253628 -0.201844569 0.003862914 0.002869498 0.003817687 0.999981134
1305031457.591678 -0.964780488 0.166865175 -0.214330460 0.004718101 0.003668432 0.002791256 0.999978245
1305031457.627526 -0.981104109 0.166181043 -0.235020114 0.005383540 0.002473676 0.002821268 0.999978469
1305031457.659632 -0.986397257 0.172507750 -0.245652639 0.005168552 -0.000740903 0.002024333 0.999984319
1305031457.691570 -1.000773281 0.170996534 -0.252030212 -0.003377263 0.002265412 0.003444726 0.999985798
1305031457.727669 -1.003871522 0.158568762 -0.258833455 -0.004190546 0.000605802 -0.001129205 0.999990399
1305031457.759556 -1.012445656 0.154424046 -0.269378297 0.003461112 0.001395094 -0.002252638 0.999990500
1305031457.791567 -1.026462570 0.145859527 -0.278347642 0.006973258 0.003651109 -0.001565886 0.999967795
1305031457.827699 -1.044636143 0.148946532 -0.287361545 0.011585006 0.007035109 -0.000733755 0.999907874
1305031457.859623 -1.061258338 0.146963639 -0.295508046 0.004300935 0.007670610 -0.000155530 0.999961319
1305031457.891593 -1.071319714 0.134033730 -0.303616996 0.005888052 0.003446744 -0.003119904 0.999971858
1305031457.927633 -1.082410206 0.139621009 -0.312941126 0.014691197 0.001054858 0.002419492 0.999888595
1305031457.991644 -1.099942008 0.147435764 -0.318792033 0.008986916 0.002031802 0.006833349 0.999934204
1305031458.027845 -1.116187705 0.141383433 -0.322495311 0.003791261 0.002171746 0.003388610 0.999984713
1305031458.059689 -1.127135710 0.142789403 -0.329082555 0.008609688 0.002437349 0.001223428 0.999959217
1305031458.091690 -1.136440287 0.157748760 -0.330432358 0.012655614 0.002290027 -0.000178962 0.999917276
1305031458.127605 -1.140189958 0.158356093 -0.327710400 0.000485153 0.001311468 -0.001857319 0.999997298
1305031458.159638 -1.149069947 0.154246167 -0.323478076 -0.001923222 0.002331402 -0.000697476 0.999995190
1305031458.191646 -1.160491168 0.151435224 -0.317459671 0.000959855 0.001273219 -0.000048158 0.999998728
1305031458.227611 -1.177049874 0.160402215 -0.307375109 0.002429120 0.000886395 0.003112655 0.999991812
1305031458.259934 -1.204810791 0.158050057 -0.293271804 -0.006552738 0.003091876 0.001442901 0.999972710
1305031458.291664 -1.208259698 0.138790632 -0.286369476 -0.007857181 -0.003934713 -0.002603693 0.999958001
1305031458.327628 -1.230752142 0.137681126 -0.275956028 0.006436257 -0.000222028 0.000741393 0.999978988
1305031458.359590 -1.253817493 0.139707555 -0.265508585 0.001996173 -0.000856092 0.006154687 0.999978701
1305031458.391626 -1.266129212 0.127634003 -0.253117476 0.003285134 -0.001988234 0.004147471 0.999984027
1305031458.427598 -1.272657470 0.141965984 -0.245089489 0.013469442 -0.004902564 0.003373033 0.999891575
1305031458.459637 -1.280295543 0.141948938 -0.230382726 0.007585070 -0.001047764 0.008554252 0.999934095
1305031458.491696 -1.277738655 0.137349305 -0.225449526 0.008847344 -0.001265725 0.002222760 0.999957590
1305031458.527737 -1.273050524 0.140036375 -0.219068008 0.020691595 0.001710011 -0.002536530 0.999781226
1305031458.559628 -1.278785201 0.162660917 -0.196504423 0.026179588 0.006639442 0.000229483 0.999635181
1305031458.591641 -1.275888665 0.168638908 -0.179306880 0.009528348 0.005459916 -0.001330149 0.999938813
1305031458.627659 -1.277223370 0.167518687 -0.165681220 0.005919954 0.001214820 -0.001660786 0.999980360
1305031458.659623 -1.290163405 0.181288770 -0.135562215 0.006224173 0.003688264 -0.001899402 0.999972024
1305031458.691674 -1.301643872 0.194009772 -0.109024943 -0.001420322 -0.000372374 -0.000808051 0.999998596
1305031458.727650 -1.318791313 0.193360524 -0.068734704 -0.008552619 -0.020563243 -0.007544956 0.999723501
1305031458.759945 -1.338452809 0.198583337 -0.044968775 0.007405357 -0.003863086 -0.005862132 0.999947935
1305031458.791632 -1.338882199 0.206113956 -0.026923387 -0.000253501 -0.006049468 -0.003337533 0.999976100
1305031458.827564 -1.340463788 0.208394129 -0.012409590 -0.003558429 -0.003904073 -0.006589892 0.999964334
1305031458.891665 -1.338134661 0.200895122 -0.007657706 -0.001699899 -0.004059213 -0.003524921 0.999984104
1305031458.927621 -1.336886092 0.201830793 0.001648219 0.006448171 0.000053442 -0.005252075 0.999965416
1305031458.959617 -1.342285846 0.207460334 0.011237028 0.000704778 0.004785305 -0.000010252 0.999988302
1305031458.991647 -1.343991455 0.206393117 0.018209219 -0.005799771 0.003298963 0.009023248 0.999937028
1305031459.027665 -1.350933037 0.194014626 0.015013580 -0.003030832 0.002536395 0.002237393 0.999989687
1305031459.059631 -1.397684408 0.175797467 0.034714036 0.014276861 -0.003905687 0.013273479 0.999802346
1305031459.127618 -1.429607725 0.156684388 0.050928527 0.006083711 -0.008387384 0.017656419 0.999790424
1305031459.159639 -1.474023188 0.142353403 0.068773844 0.005921456 -0.011915782 0.006069462 0.999893050
1305031459.191674 -1.496815412 0.136187837 0.081672056 0.004448395 -0.012970340 0.009361504 0.999862163
1305031459.227607 -1.526705011 0.132347709 0.108646071 0.003961285 -0.023032969 0.021533403 0.999494924
1305031459.259760 -1.534279900 0.144323870 0.119359611 0.002371339 -0.000798159 0.005044782 0.999984145
1305031459.327632 -1.526419722 0.152809833 0.128010758 -0.000124149 0.006178328 0.004533985 0.999970627
1305031459.359651 -1.531250082 0.159493121 0.141712927 0.006896216 0.041378142 0.023274637 0.998848629
1305031459.391667 -1.522643503 0.185479526 0.152429119 0.005406591 0.019563427 0.007830288 0.999763336
1305031459.427646 -1.511559218 0.204034465 0.152007518 -0.005691536 0.021192027 0.014115852 0.999659566
1305031459.459679 -1.496746079 0.220511210 0.148731968 0.001528900 0.016826534 0.017215274 0.999709040
1305031459.527594 -1.481271322 0.243403904 0.154537275 -0.002761348 0.001779128 0.008676833 0.999956960
1305031459.559647 -1.465253068 0.258654283 0.161437994 -0.005267549 0.002225160 0.006496785 0.999962546
1305031459.591695 -1.454800703 0.281257752 0.161903697 0.002570975 -0.000641378 0.008171788 0.999963100
1305031459.627608 -1.456005718 0.288645281 0.165238205 -0.003290321 0.002888827 0.008759734 0.999952047
1305031459.659641 -1.467606137 0.290246439 0.168136557 -0.003847707 0.005840637 0.005271219 0.999961647
1305031459.691604 -1.475115307 0.296383726 0.171558375 0.002195313 0.003478950 -0.001041042 0.999990997
1305031459.727551 -1.488625059 0.284670789 0.174741837 -0.009159794 0.013836751 -0.003816597 0.999855028
1305031459.791650 -1.503736397 0.281371407 0.172542500 0.002967668 0.005476586 -0.004011639 0.999972553
1305031459.827664 -1.513735809 0.279650459 0.169227980 0.001712996 0.001948256 -0.003922116 0.999988943
1305031459.859660 -1.524745217 0.277649652 0.169302045 0.000795388 0.002149134 -0.001798988 0.999995756
1305031459.891596 -1.543774460 0.275741444 0.174773101 -0.001247025 0.001615066 -0.000396515 0.999997840
1305031459.927607 -1.544138439 0.258833034 0.170943962 -0.012602334 -0.009010244 -0.001222435 0.999879244
1305031459.991725 -1.551049822 0.254190296 0.171783052 -0.002290301 -0.000661177 0.001094131 0.999996560
1305031460.027565 -1.567617978 0.244629097 0.175056993 -0.004300038 0.002924867 0.005395851 0.999971919
1305031460.059659 -1.574585797 0.236692062 0.172802691 -0.003163122 0.000034265 0.000190934 0.999994979
1305031460.091717 -1.583938776 0.232221863 0.171785957 0.000596604 0.001409873 0.002460836 0.999995800
1305031460.127690 -1.590767236 0.231137101 0.169774904 0.000400251 -0.003887567 0.008574136 0.999955604
1305031460.159678 -1.584407946 0.227611845 0.161081971 -0.003038583 -0.010898887 0.009211426 0.999893560
1305031460.191559 -1.595681722 0.221005877 0.166582098 0.001088717 -0.007577667 0.007936788 0.999939199
1305031460.227761 -1.604173508 0.200641106 0.168116730 -0.007620829 -0.002538638 0.010452321 0.999913110
1305031460.291689 -1.597945324 0.192075281 0.164651659 -0.000008198 0.000019039 -0.003412802 0.999994176
1305031460.327512 -1.600958589 0.170751812 0.168254178 0.003252174 0.009860000 -0.004296290 0.999936871
1305031460.391611 -1.588067014 0.161710110 0.165990608 -0.002804432 0.001167123 -0.003796517 0.999988180
1305031460.427477 -1.582780916 0.151104135 0.165736519 -0.002707529 0.006338598 -0.001123182 0.999975615
1305031460.459620 -1.580156347 0.142032909 0.170186740 0.001796525 0.005649570 0.001063404 0.999981862
1305031460.491504 -1.579357262 0.134511212 0.173270821 -0.000509967 0.005917125 -0.001061563 0.999981800
1305031460.527570 -1.577459018 0.127284187 0.180564155 -0.001778660 0.007501000 -0.002032718 0.999968219
1305031460.559647 -1.579131411 0.118463975 0.184903830 -0.004842121 0.008116587 0.003881240 0.999947804
1305031460.591855 -1.585502920 0.105529982 0.189676071 -0.003961632 0.008477573 -0.000218127 0.999956193
1305031460.627625 -1.591672943 0.099499950 0.191956989 -0.000513964 0.007155008 -0.002654667 0.999970747
1305031460.659764 -1.599745727 0.090623720 0.195811460 0.000440454 0.008832646 0.001023360 0.999960371
1305031460.691671 -1.603105234 0.083371310 0.198082071 0.000087350 0.005293559 -0.001895694 0.999984188
1305031460.727675 -1.610168220 0.078839653 0.203209764 -0.000061730 0.004691469 -0.002588559 0.999985643
1305031460.759667 -1.617093532 0.071939355 0.207219305 -0.002873074 0.004620886 -0.001378196 0.999984247
1305031460.791660 -1.624232509 0.064318198 0.211561682 -0.000637084 0.005414827 -0.003017885 0.999980583
1305031460.827660 -1.631493635 0.060539271 0.216521275 0.000541227 0.003927879 -0.004139940 0.999983570
1305031460.859714 -1.638050110 0.053808247 0.223309709 -0.001673013 0.004648110 -0.002826822 0.999983802
1305031460.891774 -1.645219845 0.044100680 0.231002712 -0.003060576 0.007413487 -0.004725287 0.999956671
1305031460.927562 -1.655328307 0.027350575 0.244853558 -0.006472123 0.009457789 -0.008028798 0.999902095
1305031460.991668 -1.654982419 0.016855506 0.246152224 -0.004942509 0.002335874 -0.000296638 0.999985014
1305031461.027620 -1.653978956 -0.001758976 0.250962491 0.002279634 0.000971839 -0.001221142 0.999996184
1305031461.091728 -1.660506549 -0.008585369 0.257707286 0.003328042 0.002712866 0.000281434 0.999990743
1305031461.127586 -1.659633380 -0.012566730 0.259324591 -0.002539046 0.000351717 -0.001254411 0.999995928
1305031461.159720 -1.660483851 -0.021620221 0.261151663 -0.002021359 0.001536673 -0.002073537 0.999994627
1305031461.192013 -1.656954517 -0.030550150 0.261043861 0.000519604 -0.002342948 -0.004183962 0.999988367
1305031461.227607 -1.660280659 -0.034243503 0.261850286 0.001288228 0.000789772 -0.002896848 0.999994662
1305031461.259642 -1.661729086 -0.037955493 0.264545506 0.001511052 0.001976741 -0.001884658 0.999995129
1305031461.291656 -1.663565814 -0.042864150 0.266950927 0.001604994 -0.000007090 -0.001673114 0.999997312
1305031461.327751 -1.663824941 -0.045599206 0.269744605 0.002883645 0.001107184 -0.003005418 0.999990713
1305031461.359709 -1.665801284 -0.050609989 0.278334044 0.003117098 0.002970924 -0.002512726 0.999987572
1305031461.391708 -1.664172041 -0.049947435 0.287855888 0.000880503 0.003359843 -0.004644739 0.999983181
1305031461.427624 -1.662219060 -0.059102475 0.293930779 -0.006713125 0.002799688 -0.001678111 0.999972139
1305031461.459781 -1.660066180 -0.062795463 0.297144989 -0.001030012 0.000258168 -0.002179351 0.999997061
1305031461.491677 -1.657327608 -0.061105563 0.301755443 -0.001296093 0.000045201 -0.000912036 0.999998743
1305031461.527705 -1.655123471 -0.073838688 0.302644467 -0.005827565 0.001480833 -0.000474615 0.999981811
1305031461.559677 -1.649462635 -0.070663491 0.301099275 0.006128441 -0.002776445 -0.002028838 0.999975308
1305031461.591690 -1.644829251 -0.073476930 0.299274736 0.000089291 0.000604960 -0.004242445 0.999990814
1305031461.627541 -1.638700838 -0.073518787 0.297847366 0.003976136 0.002438986 -0.003687298 0.999982323
1305031461.659622 -1.634373657 -0.075601791 0.300692349 0.000345185 0.004041048 -0.000406322 0.999991693
1305031461.691563 -1.629162246 -0.074332447 0.300837508 0.000062137 0.002667986 0.000873252 0.999996058
1305031461.727602 -1.626383915 -0.072062521 0.304354067 -0.000919932 0.001961265 0.004731219 0.999986461
1305031461.759684 -1.618116524 -0.069406427 0.302182962 -0.003051264 -0.000628117 0.001647798 0.999993790
1305031461.791612 -1.612076869 -0.056930074 0.301440326 0.003348478 0.001312938 0.000954261 0.999993077
1305031461.827615 -1.609982289 -0.054485940 0.306012096 -0.002048212 0.004202079 0.004363549 0.999979553
1305031461.859767 -1.604559545 -0.052304091 0.308830890 -0.000501159 0.000493398 0.002281956 0.999997149
1305031461.891723 -1.603010310 -0.038494890 0.315073095 0.004259899 -0.000116612 0.004102090 0.999982506
1305031461.927758 -1.598937972 -0.027663883 0.318853018 -0.004893861 0.002663529 0.013306310 0.999895944
1305031461.959703 -1.598514050 -0.027099833 0.325157883 -0.008562446 0.005695255 0.011218167 0.999884194
1305031461.991590 -1.601013823 -0.025822342 0.334380354 -0.001690119 0.006191105 0.002040622 0.999977325
1305031462.027675 -1.603107602 -0.018330603 0.346010614 -0.002381762 0.006065982 0.000823665 0.999978426
1305031462.059837 -1.597746617 -0.015309524 0.354329620 -0.007812967 0.001181993 0.008338159 0.999934016
1305031462.091777 -1.595873469 -0.007046223 0.358288138 -0.007190003 -0.000941211 0.014342548 0.999870846
1305031462.127739 -1.587583567 -0.003994941 0.361719166 -0.008165870 -0.002570584 0.007845893 0.999932574
1305031462.159646 -1.580254483 -0.000684074 0.365450206 -0.006110795 -0.002728876 0.003710398 0.999970722
1305031462.191641 -1.578887752 0.000665821 0.370398670 -0.005136599 0.000283532 0.003307304 0.999981298
1305031462.227633 -1.580346498 0.005787747 0.375703786 -0.001782404 0.002285607 -0.000868042 0.999995423
1305031462.259765 -1.584522296 0.008507425 0.385184933 -0.001890621 0.005401470 -0.000671877 0.999983399
1305031462.291629 -1.584870230 0.008977257 0.393632675 -0.004006161 0.003805950 -0.000510593 0.999984602
1305031462.327540 -1.583159639 0.014961718 0.398005653 -0.003122727 0.000677582 -0.004136620 0.999986339
1305031462.359732 -1.586266908 0.014443367 0.408540716 -0.003111654 0.005767383 -0.002128349 0.999976262
1305031462.391695 -1.588596162 0.020011819 0.417710788 -0.001289771 0.003516501 -0.005911136 0.999975514
1305031462.427635 -1.589617885 0.020652140 0.428730378 -0.005887710 0.005056451 0.001443599 0.999968841
1305031462.459897 -1.592493186 0.018591299 0.440683015 -0.006610991 0.004381502 0.001841402 0.999966853
1305031462.492008 -1.589052012 0.020363563 0.449488402 -0.005399695 0.000392644 -0.001710707 0.999983881
1305031462.527670 -1.583455172 0.015894818 0.456989181 -0.011118107 0.003044905 0.002077817 0.999931397
1305031462.559862 -1.577628568 0.014574761 0.460653203 -0.006956742 -0.001041521 0.001975715 0.999973307
1305031462.591862 -1.575691967 0.010976922 0.464421111 -0.005645745 0.001032901 0.001664441 0.999982144
1305031462.627851 -1.577522998 0.009615413 0.467006283 -0.001363216 0.002687732 -0.001440497 0.999994421
1305031462.659660 -1.580214069 0.009498422 0.468467425 0.000753252 0.002215624 -0.001721044 0.999995781
1305031462.692548 -1.584668245 0.008805560 0.468417084 0.001958952 0.002669610 -0.002211696 0.999992072
1305031462.727652 -1.589687870 0.013518260 0.467789067 0.005496224 0.000745043 -0.002017525 0.999982583
1305031462.759782 -1.589090253 0.016374854 0.465930638 0.001436268 -0.001193539 -0.002424351 0.999995318
1305031462.791943 -1.589102651 0.016694949 0.465652427 0.000154981 -0.000535109 -0.000932991 0.999999410
1305031462.827816 -1.588677022 0.017328303 0.465284639 0.000268489 -0.000531525 -0.000025710 0.999999822
1305031462.859782 -1.587794540 0.019476305 0.465228992 0.000288669 -0.001109300 0.000072279 0.999999340
1305031462.891847 -1.586005293 0.018230071 0.465302338 -0.001575102 -0.000624607 -0.000663787 0.999998344
1305031462.927607 -1.585437020 0.017015079 0.463203653 -0.000272816 -0.000537333 -0.000691141 0.999999580
1305031462.959676 -1.585467553 0.018685884 0.459520245 0.001317487 -0.001509061 -0.001068797 0.999997422
1305031462.995550 -1.583610100 0.019649587 0.453908543 0.000788829 -0.002758379 0.001629466 0.999994557
1305031463.027667 -1.583464659 0.020340019 0.446171227 0.002861987 -0.003083433 0.000983738 0.999990667
1305031463.059810 -1.582415729 0.026745517 0.435906012 0.007169846 -0.004766316 -0.002805216 0.999959002
1305031463.095809 -1.586683161 0.032946451 0.429762545 0.006347954 -0.001946285 -0.002179857 0.999975582
1305031463.127550 -1.587811579 0.031528740 0.423635109 0.000800748 -0.000097328 -0.000123225 0.999999667
1305031463.159787 -1.590229867 0.033716673 0.414967281 0.005205324 -0.001645616 -0.003242469 0.999979841
1305031463.195657 -1.596233103 0.040848437 0.408805490 0.008256116 0.000062545 -0.004496824 0.999955805
1305031463.227784 -1.600359258 0.040988648 0.407619438 0.002092250 0.001172231 -0.002306107 0.999994465
1305031463.260034 -1.597905247 0.035764799 0.401513765 -0.002312342 -0.000725264 0.001872552 0.999995310
1305031463.295737 -1.599920768 0.041106579 0.393948667 0.005981102 -0.001942358 -0.001005717 0.999979721
1305031463.327739 -1.601140551 0.043808656 0.391217731 0.003412124 0.000101497 -0.001005830 0.999993668
1305031463.359750 -1.597361327 0.041315669 0.386604706 -0.001661017 -0.001744993 0.001512397 0.999995954
1305031463.395630 -1.592247430 0.046712587 0.379152686 0.005660601 -0.004792046 0.001023270 0.999971973
1305031463.427716 -1.589041613 0.055179310 0.373827865 0.005154094 -0.004430171 -0.001975564 0.999974953
1305031463.459756 -1.588583943 0.054113838 0.372581143 0.000056830 -0.000168491 0.000382416 0.999999911
1305031463.495629 -1.587762995 0.054509292 0.370180503 0.000796899 0.000570942 0.000830164 0.999999175
1305031463.527670 -1.587230458 0.050723945 0.368451149 -0.001328686 0.001818641 0.001197287 0.999996747
1305031463.559751 -1.585082481 0.047264434 0.363109183 0.000437847 0.002292106 0.000927895 0.999996847
1305031463.595600 -1.583925526 0.048907477 0.357123059 0.002685170 -0.001023176 0.002098898 0.999993669
1305031463.627588 -1.581054187 0.045652473 0.352197620 -0.001488219 -0.001396624 0.001600328 0.999996637
1305031463.659766 -1.576589173 0.040145347 0.341091483 -0.001278246 -0.003206871 -0.000279852 0.999994002
1305031463.695640 -1.575749103 0.043088757 0.328539588 0.008350823 -0.001542074 0.000532301 0.999963801
1305031463.727588 -1.579089900 0.043823022 0.320961422 0.004041645 -0.000013338 0.000356503 0.999991769
1305031463.759674 -1.575025086 0.032446252 0.310012622 -0.002154395 0.003795717 0.002593012 0.999987114
1305031463.795647 -1.579970230 0.024726052 0.295677187 0.003404669 0.002408821 -0.001139593 0.999990654
1305031463.827761 -1.584204828 0.020571881 0.284782648 0.006122821 0.004117432 -0.000166831 0.999972765
1305031463.859910 -1.587130494 0.008672341 0.274097970 0.000890839 0.004021207 -0.003591900 0.999985067
1305031463.895648 -1.583378040 -0.000296284 0.257442259 0.003304121 0.002792270 -0.005174660 0.999977254
1305031463.927664 -1.580500011 -0.002539654 0.240050594 0.004706688 -0.000845436 -0.005722344 0.999972193
1305031463.959680 -1.571511494 -0.010332664 0.222697507 -0.000023570 -0.002185256 -0.002078084 0.999995453
1305031463.995821 -1.562471211 -0.015708293 0.202302083 0.001915842 -0.004869407 -0.004478367 0.999976281
1305031464.027703 -1.558512898 -0.023133176 0.186059479 0.003811467 -0.002262134 -0.003256173 0.999984876
1305031464.059652 -1.560930808 -0.032179087 0.172730723 0.001289825 0.000310975 -0.002851391 0.999995055
1305031464.095634 -1.561276862 -0.047050381 0.158349069 0.000847077 0.001539155 -0.007005180 0.999973920
1305031464.127681 -1.557965928 -0.056494697 0.140406090 0.002724865 0.001949900 0.000014379 0.999994386
1305031464.159817 -1.550024115 -0.064804380 0.120540467 0.000356474 -0.003944538 -0.001930434 0.999990293
1305031464.195585 -1.543143491 -0.076793308 0.101981774 0.002813488 -0.005695910 0.000985108 0.999979335
1305031464.227624 -1.540407321 -0.080775428 0.085567075 0.009290270 -0.007564220 0.000384232 0.999928160
1305031464.259644 -1.541627135 -0.090505755 0.074363238 0.006193247 -0.008260947 0.000608517 0.999946514
1305031464.295667 -1.546434924 -0.092916759 0.068678865 0.005071363 -0.011878967 0.003564827 0.999910228
1305031464.327866 -1.537223819 -0.096286856 0.055592181 -0.000865341 -0.009597056 0.003625388 0.999947001
1305031464.359684 -1.544453319 -0.103842003 0.047861630 0.000834463 -0.004819998 0.000727705 0.999987771
1305031464.395611 -1.534177830 -0.108567964 0.028049963 0.000289637 -0.008738947 -0.001042362 0.999961229
1305031464.427634 -1.530585719 -0.112333375 0.014968912 0.004478416 -0.003039940 -0.004385045 0.999975737
1305031464.459689 -1.528619179 -0.121683352 0.003661960 0.001173128 0.001418033 -0.008610972 0.999961231
1305031464.495633 -1.521881419 -0.125779608 -0.013475687 0.002396041 -0.002570561 -0.007272574 0.999967380
1305031464.527574 -1.516457619 -0.125183938 -0.030938040 0.003547181 -0.001465307 -0.003298027 0.999987197
1305031464.559703 -1.520557960 -0.128189416 -0.043037226 0.002099764 0.002067526 -0.005390201 0.999981131
1305031464.595698 -1.517643994 -0.146912818 -0.055594264 -0.002623728 0.001230265 -0.008106015 0.999962947
1305031464.627672 -1.502319211 -0.158719479 -0.086110913 0.001359593 0.000495774 -0.010637303 0.999942375
1305031464.659749 -1.476753178 -0.154123371 -0.123339116 0.010450419 0.001105531 -0.013937327 0.999847647
1305031464.695663 -1.471283177 -0.160940940 -0.149548555 0.008628116 0.006401566 -0.014624284 0.999835339
1305031464.727652 -1.459702629 -0.177771512 -0.177682770 0.011744464 0.001454068 -0.013877154 0.999833675
1305031464.759740 -1.461375344 -0.205895689 -0.189673974 0.012338097 0.005168554 -0.011573980 0.999843538
1305031464.796021 -1.458909194 -0.233737222 -0.196885532 0.003456315 0.000666054 -0.009404960 0.999949577
1305031464.827759 -1.457683088 -0.256722925 -0.200708977 0.004949516 -0.000410129 -0.012816094 0.999905536
1305031464.859654 -1.442310019 -0.277385987 -0.203380419 0.005617883 -0.010695995 -0.005174684 0.999913625
1305031464.895817 -1.437063246 -0.278813305 -0.196578448 0.004445294 -0.008256970 -0.005003860 0.999943510
1305031464.927799 -1.439491726 -0.289420130 -0.184255654 -0.002027852 -0.005287554 -0.008883104 0.999944508
1305031464.959763 -1.436642310 -0.304416716 -0.183591089 -0.003842437 -0.003324174 -0.009694242 0.999940102
1305031464.995687 -1.431131264 -0.315173091 -0.184915014 0.001934007 -0.000828843 -0.012780082 0.999916118
1305031465.027823 -1.425880188 -0.316740834 -0.179190887 0.005320477 0.002779352 -0.013934176 0.999884897
1305031465.059749 -1.402555424 -0.322019556 -0.181316183 0.002926930 -0.003079580 -0.019189115 0.999806845
1305031465.095700 -1.400803639 -0.312738696 -0.161711668 0.006402767 -0.004495632 -0.011872387 0.999898915
1305031465.127664 -1.390441535 -0.298708412 -0.127207367 -0.002569958 -0.008423299 -0.006589946 0.999939506
1305031465.159842 -1.382602359 -0.287581765 -0.099996946 -0.011630983 -0.009644172 -0.008832525 0.999846837
1305031465.195564 -1.380939581 -0.286583919 -0.073148338 -0.015022282 -0.006895254 -0.003394924 0.999857620
1305031465.227907 -1.376047455 -0.281912396 -0.048503941 -0.009167142 -0.006022992 -0.001827589 0.999938172
1305031465.259807 -1.363823413 -0.271807173 -0.027104402 -0.009316378 -0.006959349 -0.000406756 0.999932301
1305031465.295623 -1.350126186 -0.278770355 -0.010571448 -0.012544740 -0.008080520 0.004300736 0.999879412
1305031465.327674 -1.340384760 -0.263653610 0.005968660 -0.001471252 -0.007339808 0.015044603 0.999858801
1305031465.359948 -1.317464867 -0.253613877 0.017379619 -0.004422827 -0.014192378 0.011314854 0.999825479
1305031465.395586 -1.300952370 -0.257135241 0.026970571 -0.003950947 -0.012692887 0.012728124 0.999830623
1305031465.427697 -1.277644344 -0.248698525 0.028768735 0.002165373 -0.018789288 0.007557752 0.999792556
1305031465.460125 -1.251224313 -0.238627685 0.026774787 0.002824086 -0.015425399 0.008552432 0.999840456
1305031465.495703 -1.230085058 -0.220679583 0.024583865 0.003860343 -0.010460812 0.010809093 0.999879409
1305031465.527622 -1.221337362 -0.213914810 0.027614848 -0.002517687 -0.004710940 0.009967120 0.999936060
1305031465.559812 -1.208318468 -0.220028120 0.028173148 -0.003397928 -0.006013611 0.005866757 0.999958935
1305031465.595599 -1.193823556 -0.208878022 0.021549448 0.005278560 -0.006245503 0.005216184 0.999952960
1305031465.627688 -1.179510597 -0.192756797 0.014737885 0.005981598 -0.004317841 0.007267849 0.999946376
1305031465.660060 -1.167191092 -0.181267088 0.009966112 0.003734464 -0.004794904 0.008156130 0.999948269
1305031465.695668 -1.157475518 -0.171083838 0.003976724 0.003766363 -0.006750680 0.008306338 0.999935622
1305031465.727682 -1.139669923 -0.159997041 -0.003855516 0.004057397 -0.005904663 0.003711724 0.999967447
1305031465.759766 -1.122426667 -0.145248753 -0.011777678 0.006189099 -0.005130653 0.003941502 0.999959917
1305031465.795937 -1.107278124 -0.125378928 -0.017815699 0.007200549 -0.004346726 0.005810225 0.999947748
1305031465.827996 -1.103996884 -0.118305926 -0.023278839 0.001701436 0.001625075 0.002183906 0.999994847
1305031465.859861 -1.104563683 -0.120818279 -0.029524923 0.003779153 0.001393759 -0.000306022 0.999991841
1305031465.895494 -1.100127242 -0.112467642 -0.035988038 0.002988294 0.003612810 -0.002671884 0.999985439
1305031465.927495 -1.067910213 -0.079151493 -0.045255500 0.006664360 -0.001433398 0.002150776 0.999974453
1305031465.959710 -1.047772436 -0.072105279 -0.051623320 0.003070736 0.002942824 -0.001320141 0.999990084
1305031465.995753 -1.035490120 -0.060939749 -0.059406298 0.005540861 0.005818082 -0.002123975 0.999965468
1305031466.027644 -1.024249401 -0.050868913 -0.063198435 0.002266317 0.002463134 -0.002573387 0.999991087
1305031466.059757 -1.014330796 -0.035726416 -0.064435969 0.003431841 0.001755278 -0.000298371 0.999992526
1305031466.095840 -1.001410181 -0.015691900 -0.068143334 -0.002001103 -0.000311418 0.003232162 0.999992726
1305031466.127640 -0.994481163 0.002503656 -0.070937185 -0.002606235 -0.000731084 0.004517403 0.999986133
1305031466.160428 -0.993070595 0.018254176 -0.075837269 -0.004546839 -0.000639324 0.005277260 0.999975534
1305031466.195833 -0.993585409 0.032289120 -0.075017764 -0.001336626 -0.001475222 0.003967979 0.999990146
1305031466.227951 -0.995806231 0.051076191 -0.074648071 -0.002595518 -0.003256756 0.005091527 0.999978366
1305031466.259815 -0.992724834 0.060188743 -0.081527901 -0.007295293 -0.003363869 0.000663102 0.999967511
1305031466.295737 -0.999081034 0.068438432 -0.090910606 0.000052047 0.003056612 -0.004829765 0.999983664
1305031466.327702 -0.995726213 0.077357248 -0.101842669 0.001881314 0.005449590 -0.009558704 0.999937695
1305031466.359829 -0.997161143 0.096514195 -0.112002430 0.002145126 0.007097563 -0.009654617 0.999925903
1305031466.395784 -0.987897425 0.113655485 -0.126427611 -0.001409064 0.005624367 -0.002407142 0.999980293
1305031466.427819 -0.981471854 0.112502530 -0.143580612 -0.001499815 0.002652110 -0.000185467 0.999995341
1305031466.459790 -0.988670423 0.116381758 -0.155612050 0.001580421 0.002843775 -0.003584207 0.999988284
1305031466.495809 -0.981754381 0.120867785 -0.161984090 -0.001556097 -0.002102666 -0.001243993 0.999995805
1305031466.527538 -0.967973891 0.128234268 -0.171913997 -0.003864183 -0.002022609 0.002379095 0.999987658
1305031466.560353 -0.956791390 0.136363927 -0.181806919 -0.000985988 0.001843246 0.000531898 0.999997674
1305031466.595936 -0.939504381 0.155487428 -0.189311465 -0.000208138 0.001416459 -0.002671856 0.999995406
1305031466.627549 -0.930874006 0.164893257 -0.195223688 -0.008468396 0.002310920 -0.000892261 0.999961074
1305031466.659688 -0.915886509 0.167754345 -0.202754026 -0.002467331 0.001100698 -0.002841704 0.999992313
1305031466.695822 -0.905132260 0.172933819 -0.212107545 0.003604774 0.003011816 -0.005359521 0.999974605
1305031466.728074 -0.905092380 0.186661089 -0.212731727 0.000864553 0.001071119 -0.002643035 0.999995560
1305031466.759637 -0.886924621 0.189987936 -0.218009385 -0.004478729 -0.003653515 -0.008977077 0.999943001
1305031466.795604 -0.880623346 0.186807474 -0.227547204 0.000497037 0.000537385 -0.009315365 0.999956343
1305031466.827879 -0.872418361 0.186796134 -0.234181808 0.000422477 -0.001608725 -0.001716426 0.999997144
1305031466.859665 -0.855404634 0.194370775 -0.237695205 -0.001118216 -0.006335941 0.000054553 0.999979301
1305031466.895694 -0.843893582 0.188506483 -0.248425506 -0.003589169 -0.005601234 0.000467663 0.999977762
1305031466.927756 -0.839332270 0.191253016 -0.256857247 0.001800926 -0.005020453 0.002662211 0.999982232
1305031466.959728 -0.837094139 0.192830971 -0.265721702 -0.000440600 -0.008461407 0.001935531 0.999962231
1305031466.995712 -0.842351648 0.185546442 -0.271962956 -0.002264719 -0.000996168 0.002758718 0.999993134
1305031467.027843 -0.838550469 0.184791069 -0.275912926 0.000041044 -0.001067939 -0.001641289 0.999998082
1305031467.059700 -0.834088296 0.180682604 -0.280907078 -0.002136959 -0.000957183 -0.001578512 0.999996013
1305031467.095687 -0.830112701 0.182601417 -0.282241587 0.000098069 -0.000276759 -0.000155102 0.999999945
1305031467.128974 -0.827006667 0.187108976 -0.282440328 0.000192042 0.000192369 -0.002122156 0.999997711
1305031467.159660 -0.825566747 0.188338449 -0.290231009 -0.001033478 0.001041798 -0.005941693 0.999981271
1305031467.195663 -0.826350503 0.189236713 -0.293231320 0.000860807 0.000564577 -0.002055621 0.999997357
1305031467.227704 -0.814741806 0.190283713 -0.300753445 0.000290583 -0.004323990 -0.001490808 0.999989498
1305031467.259694 -0.812006602 0.188265980 -0.304487328 -0.000613064 -0.002237199 -0.004520744 0.999987091
1305031467.295846 -0.815589884 0.188633095 -0.312231613 -0.000130617 0.000599502 -0.000650706 0.999999600
1305031467.328008 -0.821739460 0.189968134 -0.317474427 0.001073762 0.000846387 -0.002758567 0.999995260
1305031467.359654 -0.823564464 0.196280434 -0.321262606 0.001727268 0.000235190 -0.000412760 0.999998395
1305031467.395756 -0.826886099 0.203022954 -0.321265160 -0.001084688 -0.000217598 0.002778539 0.999995528
1305031467.427783 -0.818689930 0.201701688 -0.323546499 -0.003811943 -0.002395233 -0.000259462 0.999989832
1305031467.459692 -0.818458066 0.197747336 -0.325990370 -0.001555605 -0.001173529 0.000325327 0.999998049
1305031467.496058 -0.820802374 0.198912615 -0.327095074 0.000318703 -0.000681785 0.000001332 0.999999717
1305031467.527663 -0.822722509 0.208000946 -0.329387967 -0.002469203 -0.000016022 0.001148184 0.999996292
1305031467.559763 -0.821673929 0.211528160 -0.332861507 -0.003022167 -0.000613126 -0.004415730 0.999985496
1305031467.595989 -0.821203439 0.210653185 -0.334558805 -0.000143640 0.000754206 0.000495069 0.999999583
1305031467.627532 -0.816581489 0.205737707 -0.337079095 -0.001157676 -0.001101362 0.000989044 0.999998234
1305031467.659626 -0.814801235 0.181840876 -0.346431426 -0.004047615 -0.002039403 0.003005295 0.999985213
1305031467.695886 -0.805879528 0.179633019 -0.356820584 0.004826084 -0.004035985 0.001708797 0.999978750
1305031467.727535 -0.810477595 0.177524084 -0.360244625 0.000463538 0.000904711 -0.001427470 0.999998464
1305031467.759907 -0.806779458 0.163674215 -0.362893530 0.000211501 -0.000094401 -0.002713818 0.999996291
1305031467.796075 -0.813674221 0.154712294 -0.362556377 0.002528276 0.001323836 -0.001984918 0.999993958
1305031467.827800 -0.812720353 0.147184977 -0.362067674 0.000534062 -0.000081930 -0.001217911 0.999999112
1305031467.859729 -0.809176413 0.130615267 -0.363091783 0.001268657 -0.000255140 -0.000311915 0.999999114
1305031467.895947 -0.805545645 0.109216481 -0.361150023 0.000594224 -0.001797427 0.000542033 0.999998061
1305031467.927754 -0.802672550 0.091267852 -0.355822310 -0.000437878 -0.003124974 0.000929359 0.999994590
1305031467.959826 -0.793542499 0.078203642 -0.348361357 0.001564132 -0.003999492 -0.000388376 0.999990703
1305031467.995754 -0.787551802 0.066566470 -0.340983347 0.003983853 -0.002142856 0.001328474 0.999988886
1305031468.028107 -0.778124901 0.072452856 -0.332367357 0.002809475 -0.001208974 -0.002667186 0.999991766
1305031468.059850 -0.766491543 0.069202246 -0.330307810 -0.000077476 -0.001342365 -0.001281566 0.999998275
1305031468.095867 -0.752526289 0.055904343 -0.326870954 0.000997442 -0.002288573 -0.002936851 0.999992571
1305031468.127816 -0.738305291 0.054266274 -0.320476390 0.000107215 -0.003191969 0.000416047 0.999994813
1305031468.159864 -0.727880483 0.048873321 -0.319322504 -0.000981118 -0.001704419 -0.000255265 0.999998034
1305031468.195985 -0.720328584 0.045729198 -0.318072787 -0.000065395 -0.000674177 -0.000887945 0.999999376
1305031468.228158 -0.707456948 0.044868266 -0.312228527 0.000882459 -0.001599948 -0.001742922 0.999996812
1305031468.259754 -0.684635661 0.039082919 -0.308160253 0.000373965 -0.002653133 -0.001025544 0.999995885
1305031468.295830 -0.675405676 0.034391922 -0.307595301 0.000206762 -0.000429974 0.000388248 0.999999811
1305031468.327847 -0.659698789 0.027185725 -0.309840448 -0.000824658 -0.000422698 -0.000615396 0.999999381
1305031468.359787 -0.638088868 0.009094799 -0.310566076 -0.000061436 -0.002354064 -0.001270273 0.999996421
1305031468.395860 -0.630163733 -0.001498269 -0.311919642 -0.000930183 -0.001112392 0.001028251 0.999998420
1305031468.428025 -0.624860969 -0.001416524 -0.311286974 -0.000095391 0.000105552 0.000838081 0.999999639
1305031468.459759 -0.619681745 -0.009726823 -0.313099741 -0.001324039 -0.000706771 0.000169840 0.999998859
1305031468.495809 -0.610383199 -0.020606903 -0.314331586 -0.001047545 -0.001109442 -0.000698364 0.999998592
1305031468.527756 -0.602208365 -0.026831363 -0.315288699 -0.000942646 -0.000890779 -0.000887076 0.999998766
1305031468.559739 -0.598363196 -0.042270341 -0.318698208 -0.000729058 -0.000140397 -0.002261252 0.999997168
1305031468.595768 -0.595535122 -0.064495540 -0.320393578 0.000954893 0.000355812 -0.007465010 0.999971617
1305031468.627626 -0.594715619 -0.071574364 -0.320646772 -0.000837844 -0.000309528 -0.000116865 0.999999594
1305031468.659579 -0.597219008 -0.076727416 -0.321017746 -0.000909460 0.000073605 -0.000104961 0.999999578
1305031468.695835 -0.602259761 -0.097269235 -0.323782836 -0.001221464 0.000033264 0.001392313 0.999998284
1305031468.727785 -0.611134317 -0.122915635 -0.323973689 0.000454969 -0.001576655 -0.004556353 0.999988273
1305031468.759628 -0.614176013 -0.144341629 -0.321198836 0.000522528 -0.003074735 0.001264410 0.999994337
1305031468.795796 -0.616458712 -0.159979743 -0.322292103 -0.000164674 -0.000756339 -0.000662387 0.999999481
1305031468.829247 -0.620582386 -0.184140624 -0.325235674 -0.000247907 -0.000303225 -0.005439481 0.999985129
1305031468.859659 -0.619232191 -0.206130058 -0.322889608 0.002391721 -0.002128416 -0.004787888 0.999983413
1305031468.895873 -0.620483689 -0.209262078 -0.322771683 -0.000168640 0.000217078 -0.000923376 0.999999536
1305031468.928141 -0.611778341 -0.205077957 -0.320831716 0.000861773 0.000081695 -0.000721072 0.999999365
1305031468.959594 -0.597301706 -0.198920779 -0.316875459 0.001127274 -0.000956880 0.000463879 0.999998799
1305031468.995711 -0.590956969 -0.178594609 -0.309049583 0.002150445 -0.000417846 -0.000256235 0.999997568
1305031469.027699 -0.588370834 -0.139553593 -0.295202535 0.004091096 0.000731268 -0.001499165 0.999990240
1305031469.059832 -0.584868555 -0.103267152 -0.282319721 0.002023398 0.000988696 -0.009089221 0.999956156
1305031469.095723 -0.579313420 -0.080736356 -0.272479560 0.000570308 0.000393419 -0.008594974 0.999962823
1305031469.127679 -0.569893776 -0.083065898 -0.260009494 -0.010282722 -0.000881991 -0.009138020 0.999904988
1305031469.159703 -0.552962625 -0.071618396 -0.252751552 -0.002306894 -0.001878407 -0.006717960 0.999973009
1305031469.195540 -0.552041732 -0.071203500 -0.243775597 -0.009019576 0.004351623 -0.006800093 0.999926732
1305031469.227754 -0.543246899 -0.071484377 -0.235287651 -0.006087478 0.002495267 -0.006589225 0.999956648
1305031469.259586 -0.542803599 -0.071529204 -0.227037284 -0.004539603 0.001056365 -0.004809740 0.999977571
1305031469.296754 -0.545561180 -0.063282103 -0.213854418 -0.000487738 0.003416795 -0.002135658 0.999991763
1305031469.327618 -0.547590304 -0.064758140 -0.201483367 -0.005334631 0.003327735 -0.001923467 0.999978384
1305031469.359592 -0.549942503 -0.061169916 -0.185840471 -0.003592258 0.002223023 -0.001113910 0.999990456
1305031469.395695 -0.551750472 -0.058331914 -0.173628975 -0.005934136 0.005018054 -0.006307564 0.999949909
1305031469.427651 -0.554742946 -0.055130371 -0.161894404 -0.002614228 0.008790669 -0.006866465 0.999934369
1305031469.459668 -0.552720342 -0.048433454 -0.148579395 -0.002000989 0.009805120 -0.005693961 0.999933715
1305031469.495744 -0.549433782 -0.048337019 -0.135899101 -0.004417196 0.003463049 -0.009083552 0.999942991
1305031469.527622 -0.547510835 -0.045024925 -0.122636549 -0.002998093 0.000304533 -0.002283703 0.999992852
1305031469.559645 -0.543296429 -0.036509283 -0.107211230 -0.001522785 -0.002800633 -0.000482209 0.999994803
1305031469.595755 -0.540574509 -0.029599256 -0.088689311 -0.003283458 -0.001889163 0.000844462 0.999992468
1305031469.627752 -0.536523776 -0.013991840 -0.071364644 -0.001775408 -0.000480575 0.002767437 0.999994479
1305031469.659590 -0.534233313 -0.003513314 -0.055833528 -0.006326421 0.000289856 0.000409073 0.999979862
1305031469.695613 -0.533757627 0.010676231 -0.038538402 0.000147455 0.002722087 0.003530598 0.999990052
1305031469.727679 -0.529519028 0.020696535 -0.021906208 -0.001980408 0.000353588 -0.000996631 0.999997480
1305031469.759599 -0.526884955 0.031430337 -0.005551168 -0.002165934 0.000385903 0.001912175 0.999995752
1305031469.795621 -0.520776135 0.048984980 0.012583116 0.002220854 -0.000671378 0.001602994 0.999996024
1305031469.827526 -0.516003213 0.051016199 0.030303823 -0.004981734 -0.002920283 0.002178152 0.999980955
1305031469.859574 -0.508896397 0.060486558 0.047869920 -0.000976469 -0.004256498 -0.000026600 0.999990464
1305031469.895755 -0.503805812 0.065580050 0.064052524 -0.004446314 -0.005987431 -0.002496040 0.999969075
1305031469.927854 -0.495988623 0.074026353 0.080062799 -0.000646996 -0.004496753 -0.000150271 0.999989669
1305031469.959805 -0.496839881 0.079117896 0.095986771 -0.001114808 -0.003966790 -0.000495015 0.999991388
1305031469.995551 -0.492938681 0.083765559 0.108494316 -0.001944563 -0.003782762 -0.001921795 0.999989108
1305031470.027694 -0.491781040 0.089781153 0.121382257 -0.000740273 -0.002156453 -0.000747907 0.999997121
1305031470.059638 -0.490867134 0.097038567 0.132971612 -0.000854846 -0.001424701 -0.001305919 0.999997767
1305031470.095944 -0.490281782 0.099068165 0.144436632 -0.002525230 -0.001854103 -0.003710561 0.999988209
1305031470.127633 -0.487935965 0.103591346 0.153840199 -0.001274647 -0.001763372 -0.000092223 0.999997629
1305031470.159626 -0.480117665 0.109156880 0.164007282 -0.000493047 -0.004439073 -0.002383836 0.999987184
1305031470.196092 -0.479215224 0.113170832 0.172727094 -0.001548813 -0.003223620 -0.000884989 0.999993213
1305031470.227618 -0.481578120 0.126307935 0.179059617 0.002411012 -0.001689252 0.003870864 0.999988175
1305031470.259965 -0.477952338 0.130786794 0.187197883 -0.001803671 -0.003046459 -0.001809244 0.999992096
1305031470.295718 -0.476841523 0.134917156 0.195457300 -0.002435427 -0.002827989 -0.000686321 0.999992800
1305031470.327644 -0.477047068 0.140278871 0.202573976 -0.003598084 -0.003732273 -0.003068210 0.999981855
1305031470.359624 -0.474790479 0.141300275 0.211304708 -0.003812732 -0.003771628 -0.000265125 0.999985584
1305031470.395823 -0.472447282 0.140305553 0.218389782 -0.003869385 -0.004729003 0.000645702 0.999981124
1305031470.427641 -0.471676975 0.144019951 0.222614201 -0.001935287 -0.004140532 -0.002778261 0.999985696
1305031470.459721 -0.473520560 0.145706231 0.226900505 -0.000703766 -0.000957465 -0.002281924 0.999996690
1305031470.495686 -0.475014691 0.146071536 0.230790265 -0.000234273 -0.000215189 -0.000188388 0.999999932
1305031470.527689 -0.478613434 0.151684377 0.232538098 0.001710861 -0.001555763 -0.001699976 0.999995881
1305031470.559677 -0.481070298 0.153452733 0.236709642 0.000625890 0.000646529 -0.000662743 0.999999376
1305031470.595760 -0.481038234 0.155257443 0.240659570 0.000200742 -0.000194889 0.000750907 0.999999679
1305031470.627729 -0.481877167 0.157406897 0.244244274 0.000095938 -0.000687313 0.000594940 0.999999582
1305031470.659690 -0.480554996 0.157862091 0.247855389 -0.001655198 -0.001903603 0.000704813 0.999996570
1305031470.695630 -0.480377701 0.158435997 0.251941500 -0.000897989 -0.000603543 0.000839610 0.999999062
1305031470.727654 -0.477672604 0.157108734 0.255408035 -0.002159539 -0.003429031 -0.002897402 0.999987592
1305031470.759682 -0.477994456 0.157749215 0.256808889 -0.000170820 0.000164382 -0.000030970 0.999999971
1305031470.795615 -0.480857986 0.156394149 0.259703367 -0.002747345 0.001237868 0.000354309 0.999995397
1305031470.827831 -0.481972117 0.153518245 0.261797166 -0.002970215 -0.000354568 -0.001745989 0.999994002
1305031470.859645 -0.482528021 0.153964445 0.260529774 0.001316559 0.000091806 0.000233466 0.999999102
1305031470.895722 -0.482431949 0.155729416 0.257445680 0.002466124 -0.001166102 -0.001573490 0.999995041
1305031470.927684 -0.481067527 0.155387310 0.255092401 0.002173386 -0.001274237 0.002953268 0.999992465
1305031470.959647 -0.480425064 0.151898372 0.252108379 0.001538438 -0.002227103 0.001648509 0.999994978
1305031470.995996 -0.479353308 0.153424943 0.247251388 0.009361391 -0.000914027 -0.001016634 0.999955247
1305031471.027644 -0.483649410 0.151899535 0.243727663 0.005435015 0.003955892 0.002050073 0.999975304
1305031471.059636 -0.487937229 0.148330465 0.238201164 0.003280560 0.003040607 0.000775197 0.999989696
1305031471.095777 -0.484529381 0.147271544 0.232906713 0.007327027 -0.003052357 -0.006506052 0.999947333
1305031471.127663 -0.484269748 0.144470487 0.228704068 0.003976781 -0.001320137 0.000800726 0.999990901
1305031471.159649 -0.482473491 0.142012469 0.225669083 0.005372559 -0.002286278 0.001920365 0.999981110
1305031471.195703 -0.480687774 0.141608982 0.223008305 0.004661304 -0.002267012 -0.000921458 0.999986142
1305031471.227569 -0.482208188 0.140138956 0.222064956 0.000707485 0.000308678 -0.000455709 0.999999598
1305031471.259722 -0.482640143 0.139720014 0.221670539 -0.000132845 0.000187050 0.000184562 0.999999957
1305031471.296068 -0.486032102 0.136917683 0.221345790 -0.000958846 0.000181406 0.001170918 0.999998838
1305031471.327642 -0.486847493 0.133598175 0.218723551 -0.000590532 -0.000431479 -0.000285795 0.999999692
1305031471.359615 -0.488504540 0.131469575 0.217014049 0.001067325 0.002073826 -0.002060819 0.999995157
1305031471.395730 -0.490785405 0.130163412 0.215940147 -0.000605406 0.002387318 -0.002115747 0.999994729
1305031471.427704 -0.493527664 0.127882123 0.213041215 0.000905162 0.002981893 0.002620442 0.999991711
1305031471.459647 -0.491205108 0.128899598 0.210433327 0.004680556 -0.001432767 0.001241153 0.999987249
1305031471.496491 -0.490155596 0.127175549 0.208836906 -0.000524192 -0.001448750 0.000860461 0.999998443
1305031471.527624 -0.489653375 0.125396796 0.207384650 -0.001099064 -0.000999920 0.000971842 0.999998424
1305031471.559671 -0.489262938 0.124008657 0.205333342 -0.000016718 -0.000559629 -0.000150126 0.999999832
1305031471.595702 -0.492065779 0.124850114 0.202900209 -0.000291958 0.001957956 0.000477314 0.999997927
1305031471.627621 -0.494888520 0.124305077 0.200566379 -0.000443314 0.002354539 -0.001514624 0.999995983
1305031471.659642 -0.496994705 0.123841530 0.198017725 0.000283671 0.002501040 -0.000909093 0.999996419
1305031471.695609 -0.496014905 0.124283837 0.194973999 0.001948404 0.000330131 -0.000745642 0.999997769
1305031471.727501 -0.496478840 0.126893738 0.193121702 0.002915227 0.001535443 0.002531264 0.999991368
1305031471.759702 -0.496186388 0.126445211 0.192670247 -0.000754684 0.000449333 0.001394756 0.999998642
1305031471.795801 -0.495211338 0.126743353 0.191328452 0.000404670 -0.000032758 0.001380811 0.999998964
1305031471.827639 -0.492513604 0.132135119 0.190858512 0.003026200 0.000031100 0.001065387 0.999994853
1305031471.859665 -0.491452766 0.134556542 0.191730087 -0.001919150 0.000607377 0.002075202 0.999995821
1305031471.895604 -0.487675103 0.135253454 0.193563467 -0.000855581 -0.002520470 0.000411067 0.999996373
1305031471.927651 -0.489184508 0.138748117 0.195300739 -0.002535131 0.002591227 0.003732386 0.999986464
1305031471.959643 -0.493664441 0.139900980 0.196173387 -0.005590266 0.005180747 0.003077207 0.999966219
1305031471.995573 -0.496626287 0.141709575 0.197236633 0.000287427 0.003391836 -0.000431318 0.999994113
1305031472.027638 -0.500217497 0.148222141 0.200763597 0.001106908 0.004357370 0.001479145 0.999988800
1305031472.059668 -0.502541048 0.148203700 0.202607467 -0.007145704 0.002458459 -0.000669673 0.999971223
1305031472.095601 -0.502652811 0.150176881 0.203529941 0.000509897 0.000572360 0.000139667 0.999999696
1305031472.127594 -0.502092383 0.156089096 0.206184982 0.002258942 0.000748014 0.001160603 0.999996495
1305031472.159645 -0.501775571 0.158173420 0.209585160 -0.002826700 -0.000457698 -0.001334947 0.999995009
1305031472.195682 -0.501917232 0.157663468 0.209898396 -0.000410060 -0.000010954 -0.000265376 0.999999881
1305031472.227626 -0.502887948 0.159236720 0.208527479 0.002697400 0.000406213 0.001870465 0.999994530
1305031472.263840 -0.503221389 0.157953155 0.208383352 0.000415787 -0.000034026 -0.000446523 0.999999813
1305031472.295671 -0.506493475 0.153961411 0.205731524 -0.000581528 0.001905896 -0.000447192 0.999997915
1305031472.327678 -0.513331552 0.155961395 0.203425786 0.005597049 0.005198719 0.006090883 0.999952273
1305031472.363577 -0.513933742 0.157358181 0.201363546 0.002443341 0.000591443 0.000529632 0.999996700
1305031472.395599 -0.513507816 0.156435255 0.200843788 -0.000463070 -0.000511699 0.000092643 0.999999758
1305031472.427686 -0.514208416 0.152314034 0.199949291 -0.001416405 -0.001267851 0.000842501 0.999997838
1305031472.463603 -0.515210152 0.149869655 0.198611636 0.000588043 -0.000688737 0.000676211 0.999999361
1305031472.495626 -0.516547876 0.147345194 0.197367932 -0.000401296 0.000350831 -0.000307726 0.999999811
1305031472.527625 -0.518870618 0.144820108 0.196573742 -0.001513376 0.002155709 0.000142796 0.999996521
1305031472.563587 -0.519910976 0.139683308 0.194107920 -0.000496056 0.000553961 0.001745334 0.999998200
1305031472.595675 -0.520357296 0.136669031 0.191930860 0.004261798 -0.000495320 0.003819179 0.999983503
1305031472.627701 -0.519866814 0.134066700 0.190933158 0.001464923 -0.000455802 0.002634298 0.999995353
1305031472.663575 -0.519539127 0.130786887 0.190417553 -0.000677695 -0.000749749 0.000872522 0.999999109
1305031472.695755 -0.518469599 0.127027965 0.189250085 -0.000046010 -0.001465375 0.000636482 0.999998723
1305031472.727628 -0.518350320 0.122352593 0.188303751 -0.000543432 -0.000715832 -0.000087686 0.999999592
1305031472.763578 -0.519220548 0.119936367 0.187465458 0.001286118 0.000347727 0.000489094 0.999998993
1305031472.795640 -0.519494872 0.116238108 0.187139159 0.000473331 0.000246521 -0.001779673 0.999998274
1305031472.827627 -0.520963539 0.113511340 0.186721622 0.000818680 0.000886641 -0.000809542 0.999998944
1305031472.863598 -0.522896116 0.113149974 0.186277897 0.002003561 0.001521107 0.001971053 0.999994893
1305031472.895713 -0.521013201 0.111932997 0.186539537 0.001383554 -0.001567487 0.000498643 0.999997690
1305031472.927685 -0.517891694 0.111164910 0.186887077 -0.000338767 -0.002082534 0.001335029 0.999996883
1305031472.963756 -0.517078572 0.108663788 0.187477117 -0.001123487 -0.000958473 0.000721302 0.999998649
1305031472.995704 -0.516629753 0.108435473 0.188172231 0.000072731 -0.000249252 0.000446467 0.999999867
1305031473.027638 -0.515960263 0.108072419 0.188906735 -0.000394739 -0.001421697 0.000270613 0.999998875
1305031473.063684 -0.515109885 0.106191372 0.189811582 -0.001263222 -0.000950605 -0.000236038 0.999998722
1305031473.095695 -0.515902767 0.105668765 0.189861947 -0.000553158 0.000398990 -0.000153038 0.999999756
1305031473.127744 -0.517188828 0.106086728 0.190134750 0.000694642 0.001043347 -0.000868703 0.999998837
1305031473.167060 -0.518277401 0.105318226 0.189604165 -0.000425680 0.000638702 -0.000813265 0.999999375
1305031473.196069 -0.517827626 0.103885167 0.188936912 -0.000052822 -0.000615706 0.000116526 0.999999802
