1305031453.391690 0.001040095 0.003111442 -0.004301030 0.000388167 0.001023587 0.000067058 0.999999399
1305031453.423683 0.002384947 0.001888137 -0.011378779 0.000066616 0.000516645 -0.000437156 0.999999769
1305031453.459685 0.005681782 -0.005042829 -0.020097360 -0.000776927 0.000459468 -0.000357729 0.999999529
1305031453.491698 0.011629217 -0.012893106 -0.029409370 -0.000724223 -0.000010964 -0.000320080 0.999999686
1305031453.523684 0.016286237 -0.022297424 -0.041654419 -0.000271902 0.000109838 -0.000236642 0.999999929
1305031453.559753 0.029017009 -0.040864844 -0.056433982 -0.002782960 -0.002601238 -0.004399346 0.999983067
1305031453.591640 0.034168586 -0.054654886 -0.070465796 -0.000714204 -0.000032217 -0.000317795 0.999999694
1305031453.627706 0.033215817 -0.067254950 -0.085252379 -0.000609547 0.000237867 -0.000567205 0.999999625
1305031453.659600 0.031776814 -0.079065005 -0.098153020 0.000214065 -0.000697601 0.000284803 0.999999693
1305031453.691678 0.024732769 -0.088874271 -0.112156857 -0.001003666 0.001310040 0.000763700 0.999998347
1305031453.727652 0.017105777 -0.096034227 -0.124649207 -0.000938336 -0.000170694 0.000085908 0.999999542
1305031453.759694 0.006588632 -0.100526184 -0.139992497 -0.000564077 0.000081679 -0.000017857 0.999999837
1305031453.791716 -0.001152534 -0.099563520 -0.156641058 0.000066413 -0.000206616 0.000288891 0.999999935
1305031453.827773 -0.024120790 -0.097144479 -0.170228891 0.000049955 0.000305492 0.000051276 0.999999951
1305031453.859705 -0.045815205 -0.097226943 -0.182738693 -0.001569132 0.000244363 -0.000905577 0.999998329
1305031453.891710 -0.081937295 -0.088850053 -0.191769609 -0.000072294 0.001774070 -0.000108683 0.999998418
1305031453.927723 -0.093122351 -0.081578717 -0.194031687 -0.000964975 -0.000617240 -0.001601364 0.999998062
1305031453.959641 -0.137637878 -0.070892250 -0.201667999 -0.000247900 0.000815011 -0.000386190 0.999999563
1305031453.991624 -0.152037154 -0.067385136 -0.203012730 -0.000149693 -0.000563985 -0.000419375 0.999999742
1305031454.027662 -0.190452462 -0.063106619 -0.205487750 0.002174013 0.001478173 0.003384601 0.999990817
1305031454.059654 -0.216300742 -0.060418373 -0.205284686 0.001339908 0.000981491 0.003911294 0.999990972
1305031454.091651 -0.241854607 -0.055661275 -0.203894781 0.000524295 -0.000261659 0.000311232 0.999999780
1305031454.127701 -0.267469603 -0.063203564 -0.202214275 -0.000199421 -0.000141772 0.001210187 0.999999238
1305031454.159672 -0.298282101 -0.063267027 -0.197292640 0.000176886 0.000459711 0.000746173 0.999999600
1305031454.191658 -0.341026272 -0.058038129 -0.195531051 -0.000052544 0.000546156 -0.000149462 0.999999838
1305031454.227671 -0.366827057 -0.069160680 -0.187228216 -0.001215050 0.000597093 0.000043413 0.999999083
1305031454.259627 -0.393697780 -0.088493334 -0.178968882 -0.002854779 0.001226593 0.001155445 0.999994505
1305031454.291639 -0.411096508 -0.086312371 -0.172757096 0.000093687 -0.000402657 0.000733730 0.999999645
1305031454.327699 -0.426179258 -0.086639558 -0.169811793 0.000976411 -0.000327535 0.001110005 0.999998854
1305031454.359636 -0.449281715 -0.096551307 -0.166375353 -0.000228183 -0.000119174 0.000981338 0.999999485
1305031454.391677 -0.468533767 -0.099314762 -0.160314621 -0.000019064 0.000326850 0.000184629 0.999999929
1305031454.427465 -0.481331996 -0.101660060 -0.157694023 -0.000777280 -0.000596698 0.000618060 0.999999329
1305031454.459913 -0.505434322 -0.107152032 -0.152793761 -0.000190384 0.000231219 0.000926880 0.999999526
1305031454.491617 -0.514646984 -0.103882294 -0.150402907 -0.000167549 -0.000505579 0.001319015 0.999998988
1305031454.527700 -0.530619542 -0.097217089 -0.149485300 -0.000563369 -0.000671414 0.001775774 0.999998039
1305031454.559575 -0.551149341 -0.082269059 -0.150268496 0.000230313 -0.000045460 0.000735894 0.999999702
1305031454.591635 -0.567140755 -0.071551552 -0.145692544 0.000077402 -0.000184594 0.003081644 0.999995232
1305031454.627580 -0.582194060 -0.064789009 -0.141947990 -0.000538123 0.000021267 0.001558354 0.999998641
1305031454.659528 -0.594800562 -0.053898416 -0.135348493 0.001010511 0.000237712 -0.001823492 0.999997799
1305031454.691884 -0.621262383 -0.047571437 -0.132250999 0.000015568 0.000355553 -0.000342639 0.999999878
1305031454.727659 -0.641054436 -0.041654291 -0.130466307 0.000705369 0.003150854 -0.000676943 0.999994558
1305031454.759732 -0.646263084 -0.034554719 -0.129485640 0.000216811 0.000842811 -0.001134516 0.999998978
1305031454.791641 -0.649266585 -0.030581206 -0.129774533 0.000306151 0.000816124 -0.001742064 0.999998103
1305031454.827570 -0.651237252 -0.026157450 -0.129630330 -0.000561008 0.000789238 -0.001015814 0.999999015
1305031454.859620 -0.650778526 -0.012727361 -0.131438657 0.000327511 0.000539267 -0.000739493 0.999999528
1305031454.891764 -0.648615639 0.000859307 -0.133124947 0.000221017 0.000452474 -0.000360065 0.999999808
1305031454.927567 -0.647070210 0.010110446 -0.132089289 -0.000092425 0.000454224 -0.000983352 0.999999409
1305031454.959648 -0.643583126 0.021228506 -0.133021229 0.000149798 0.000091356 -0.000594875 0.999999808
1305031454.991937 -0.643175874 0.029460884 -0.134026561 0.000216938 -0.000129009 -0.000478803 0.999999854
1305031455.027799 -0.643566474 0.034148309 -0.133943984 -0.000170444 0.000062928 -0.000277913 0.999999945
1305031455.059636 -0.643551360 0.041160655 -0.134336817 -0.000052701 -0.000121621 -0.000106301 0.999999986
1305031455.091700 -0.641724410 0.042893077 -0.134032450 -0.000541769 -0.000906531 0.000924040 0.999999015
1305031455.127695 -0.640576638 0.046040467 -0.133285599 -0.000322111 -0.000414498 0.000898283 0.999999459
1305031455.159720 -0.641361468 0.051108984 -0.131138370 -0.000147800 -0.000167816 -0.000412536 0.999999890
1305031455.191655 -0.642563041 0.057778161 -0.128683898 -0.000070850 0.000171938 -0.000275286 0.999999945
1305031455.227581 -0.644919461 0.059937760 -0.128222514 -0.000175309 0.000176409 -0.000580021 0.999999801
1305031455.259631 -0.646992190 0.065657625 -0.126400550 -0.000508848 0.000018427 -0.000344320 0.999999811
1305031455.291831 -0.646617447 0.074712323 -0.121500770 0.000248714 0.000152298 -0.000470399 0.999999847
1305031455.327766 -0.652818134 0.082124780 -0.120870657 0.000455455 0.000808884 -0.001303064 0.999998720
1305031455.359630 -0.657234822 0.094159399 -0.116318915 0.000849491 0.000665773 -0.001229505 0.999998662
1305031455.391665 -0.656116831 0.107750368 -0.110065109 0.001278089 0.000146037 -0.000655373 0.999998958
1305031455.427642 -0.657475888 0.117361774 -0.106965296 0.001518662 0.000876635 -0.000763097 0.999998171
1305031455.459589 -0.660986683 0.120216793 -0.106086900 0.001223967 0.001485245 -0.002120378 0.999995900
1305031455.491637 -0.664151787 0.121516212 -0.106056511 0.000719726 0.001431810 -0.001647263 0.999997359
1305031455.527610 -0.667916506 0.123361205 -0.107014925 0.001754765 0.001528542 -0.003003672 0.999992781
1305031455.559669 -0.677485494 0.117224063 -0.111553995 0.000607908 0.001909046 -0.002439576 0.999995017
1305031455.591645 -0.685543489 0.113659449 -0.113992622 0.000194388 0.002714208 -0.003174133 0.999991260
1305031455.627617 -0.693431452 0.110369846 -0.114582630 0.000682117 0.000566787 -0.001535920 0.999998427
1305031455.659615 -0.703591099 0.097905774 -0.116380343 -0.000116095 0.000067019 -0.000193346 0.999999972
1305031455.691605 -0.707433409 0.088709013 -0.121264127 -0.000130777 -0.000321199 0.000577642 0.999999773
1305031455.727628 -0.707587673 0.083989914 -0.126263233 -0.000144179 -0.001497290 0.001508926 0.999997730
1305031455.759683 -0.703239570 0.079020500 -0.132544565 -0.000198218 -0.002436888 0.001979105 0.999995053
1305031455.791666 -0.701258444 0.073860783 -0.139500757 0.000811998 -0.001815502 0.000586105 0.999997851
1305031455.827590 -0.703843341 0.063947185 -0.148078505 -0.000671282 -0.000312272 0.001238769 0.999998959
1305031455.859526 -0.703947668 0.057862615 -0.155149377 0.000014388 -0.001019900 0.000604045 0.999999297
1305031455.891657 -0.702076372 0.052962296 -0.160724234 0.000138048 -0.001089737 0.000660440 0.999999179
1305031455.927955 -0.700535351 0.048296231 -0.165477640 0.000031863 -0.001288413 0.000283880 0.999999129
1305031455.959716 -0.698261482 0.045218090 -0.169060262 0.000110851 -0.001361447 0.000821817 0.999998729
1305031455.991694 -0.695311360 0.045500901 -0.170199431 0.000339799 -0.001358953 0.001815054 0.999997372
1305031456.027770 -0.690126431 0.050622006 -0.168630651 0.000812200 -0.002026774 0.001948630 0.999995718
1305031456.059713 -0.685042313 0.069919239 -0.163968084 0.002802965 -0.001577962 0.001836320 0.999993141
1305031456.091707 -0.679332812 0.076678612 -0.161953638 0.001981643 -0.002190130 0.001381083 0.999994685
1305031456.127645 -0.676862361 0.077065989 -0.163166321 0.001114448 -0.001097369 0.000535077 0.999998634
1305031456.159731 -0.668188729 0.075306950 -0.163812208 0.000472116 -0.002407748 0.000478980 0.999996875
1305031456.191658 -0.662557941 0.067732765 -0.169683862 -0.000193769 -0.001354398 0.000784545 0.999998756
1305031456.227678 -0.654549268 0.057652256 -0.172032790 -0.001683156 -0.002388298 0.000889298 0.999995336
1305031456.291675 -0.647650259 0.058332398 -0.171826072 0.000365309 -0.002527680 0.002178791 0.999994365
1305031456.327718 -0.617030065 0.034931376 -0.172501466 -0.002133093 -0.004362690 0.000180419 0.999988192
1305031456.391619 -0.604978456 0.024399034 -0.172654767 -0.001578844 -0.002109341 0.000091678 0.999996525
1305031456.427662 -0.586418165 0.009770849 -0.175998276 -0.004313583 -0.006012464 0.002588791 0.999969270
1305031456.491677 -0.588137379 0.006397893 -0.170415416 -0.001759825 0.000457564 0.000376276 0.999998276
1305031456.527641 -0.605008938 0.032458987 -0.150586540 0.003336624 0.002462490 -0.002539411 0.999988177
1305031456.591651 -0.608884779 0.038764295 -0.141077589 0.001062557 0.000353715 -0.000392150 0.999999296
1305031456.627612 -0.612289718 0.064503707 -0.115994087 0.001630229 -0.000154659 -0.000668582 0.999998436
1305031456.691612 -0.611344965 0.085584157 -0.102513258 0.003773458 -0.000718217 -0.000791825 0.999992309
1305031456.727693 -0.621220765 0.094439488 -0.085288656 -0.000711883 0.003056033 -0.003284340 0.999989683
1305031456.791649 -0.631879072 0.104697909 -0.071870304 0.002616261 0.002042485 -0.001849437 0.999992781
1305031456.827603 -0.676918071 0.094632187 -0.050411947 -0.003224953 0.006606352 -0.006198355 0.999953767
1305031456.891672 -0.682547704 0.110678975 -0.038542229 0.002140699 0.000206135 -0.001314162 0.999996824
1305031456.927690 -0.685110288 0.114395896 -0.024643182 -0.000342166 -0.000292720 -0.000033872 0.999999898
1305031456.959667 -0.685792632 0.120075630 -0.015488233 -0.000303260 -0.000287607 0.000543955 0.999999765
1305031456.991709 -0.685334423 0.136123238 -0.004601568 0.003372031 -0.001230212 0.000564940 0.999993398
1305031457.027648 -0.683870334 0.141120048 0.002579141 0.001187736 -0.001706620 -0.000214863 0.999997815
1305031457.091655 -0.684793932 0.152130660 0.007280807 0.000812483 -0.000373193 0.000072555 0.999999598
1305031457.127632 -0.680208159 0.171182617 0.016807200 0.005958122 -0.002456464 0.000545030 0.999979085
1305031457.191735 -0.679177633 0.168252710 0.014046625 -0.000545986 -0.000791741 0.000112399 0.999999531
1305031457.227543 -0.672971970 0.170443098 0.011960539 0.001582416 -0.003265871 0.000235209 0.999993387
1305031457.291656 -0.671500585 0.169256471 0.004568397 0.001177594 -0.000880030 0.001025867 0.999998393
1305031457.327548 -0.660307757 0.144503959 -0.014284945 -0.005134093 -0.003505712 0.001673510 0.999979275
1305031457.391684 -0.652025906 0.138046761 -0.023560705 -0.000890393 -0.002621868 0.001136669 0.999995520
1305031457.427641 -0.640283703 0.114336747 -0.047729746 -0.004118000 -0.003631339 0.000770407 0.999984631
1305031457.491705 -0.641136245 0.110554225 -0.058249760 0.000065183 -0.000259713 -0.000141159 0.999999954
1305031457.527638 -0.642865444 0.104052872 -0.069404983 -0.000223010 0.000098977 -0.000761060 0.999999681
1305031457.559685 -0.641777648 0.091918349 -0.082648641 -0.001361292 -0.000686094 -0.000497293 0.999998714
1305031457.591678 -0.639757088 0.080806187 -0.096411837 -0.001616470 -0.001493379 -0.000699202 0.999997334
1305031457.627526 -0.645455001 0.068282645 -0.118990214 -0.001219819 -0.000009858 -0.000468039 0.999999146
1305031457.659632 -0.648817435 0.058952846 -0.128865862 -0.001667869 0.000472821 -0.000807551 0.999998171
1305031457.691570 -0.655526142 0.067606911 -0.135746645 0.001746832 0.000200804 -0.000089920 0.999998450
1305031457.727669 -0.654839275 0.069126307 -0.143778816 0.001693522 -0.000505463 0.000468891 0.999998328
1305031457.759556 -0.650411938 0.057436173 -0.157130282 -0.001304160 -0.002134153 -0.001447793 0.999995824
1305031457.791567 -0.641954275 0.040001525 -0.175094685 -0.002656225 -0.002040067 -0.000554378 0.999994238
1305031457.827699 -0.633944419 0.010582947 -0.188921800 -0.003342225 -0.002564612 0.000300080 0.999991081
1305031457.859623 -0.626216574 -0.001366614 -0.199588853 -0.001154507 -0.001801969 0.000230492 0.999997683
1305031457.891593 -0.621987997 -0.028068124 -0.210215697 -0.001604847 -0.000603172 0.001119008 0.999997904
1305031457.927633 -0.625272183 -0.065203332 -0.226749636 -0.005926003 0.001496334 -0.000230401 0.999981295
1305031457.991644 -0.635068957 -0.090491090 -0.234811592 -0.003917939 0.000725247 -0.000718214 0.999991804
1305031458.027845 -0.634526685 -0.107608950 -0.242964074 -0.001568399 -0.001104311 -0.000524418 0.999998023
1305031458.059689 -0.635767970 -0.134020600 -0.253332759 -0.003295576 0.000778802 -0.000292532 0.999994224
1305031458.091690 -0.629976474 -0.163718607 -0.258916845 -0.004011460 -0.001205662 0.000437266 0.999991132
1305031458.127605 -0.628801046 -0.163548218 -0.258166829 -0.000146180 -0.000464406 0.000589091 0.999999708
1305031458.159638 -0.626751291 -0.158393434 -0.257393053 0.000877796 -0.000821874 0.000411027 0.999999193
1305031458.191646 -0.631447444 -0.162449921 -0.256630895 -0.000473434 -0.000295796 0.000165625 0.999999830
1305031458.227611 -0.644606299 -0.159588323 -0.253640219 -0.000719338 -0.000021278 -0.000318239 0.999999690
1305031458.259934 -0.653588378 -0.138111486 -0.244932321 0.001896002 -0.000151472 0.000096740 0.999998186
1305031458.291664 -0.663765892 -0.134241469 -0.239727333 0.001293798 -0.000167618 0.000425714 0.999999058
1305031458.327628 -0.690281183 -0.158932269 -0.236313386 -0.003012072 0.000225793 0.000177299 0.999995422
1305031458.359590 -0.719901120 -0.161295939 -0.232402757 -0.000700539 0.001125975 -0.001509132 0.999997982
1305031458.391626 -0.744658564 -0.182280790 -0.222244446 -0.001034463 0.000924762 -0.001322974 0.999998162
1305031458.427598 -0.755701301 -0.210523542 -0.226442241 -0.004240900 0.000481430 -0.001075178 0.999990313
1305031458.459637 -0.759379639 -0.227561339 -0.227333047 -0.004410363 0.001312664 -0.002838339 0.999985385
1305031458.491696 -0.762800315 -0.254340132 -0.230511713 -0.002390658 0.001128691 -0.000295545 0.999996462
1305031458.527737 -0.757364523 -0.311258382 -0.227768781 -0.004288029 -0.000341178 0.000744304 0.999990471
1305031458.559628 -0.754438052 -0.360995801 -0.217954164 -0.004533047 0.000525013 -0.000374704 0.999989518
1305031458.591641 -0.746873506 -0.373539282 -0.206558199 -0.001159712 -0.000460338 0.000456013 0.999999118
1305031458.627659 -0.748650979 -0.388073388 -0.191208266 -0.000959130 -0.000003977 0.000076637 0.999999537
1305031458.659623 -0.751509250 -0.379732326 -0.178442770 -0.000862120 -0.000816585 0.000507827 0.999999166
1305031458.691674 -0.769903303 -0.354360504 -0.161604546 0.000224639 0.000153822 -0.000064771 0.999999961
1305031458.727650 -0.842619236 -0.315272152 -0.141790327 0.001509022 0.001747237 0.001510585 0.999996194
1305031458.759945 -0.864159783 -0.316640640 -0.132743465 -0.001042881 0.001024913 0.000398974 0.999998851
1305031458.791632 -0.890776028 -0.301327585 -0.120497635 0.000407657 0.000798895 0.000617322 0.999999407
1305031458.827564 -0.895756525 -0.280554632 -0.109598472 0.001673285 -0.001782559 0.000092328 0.999997007
1305031458.891665 -0.911500969 -0.283084988 -0.104518934 -0.000298326 0.002228192 0.000702262 0.999997226
1305031458.927621 -0.910372013 -0.292491086 -0.102630426 -0.001536795 -0.000607128 0.001402235 0.999997652
1305031458.959617 -0.905701811 -0.284690448 -0.100991549 -0.000441528 -0.000008920 0.000055716 0.999999901
1305031458.991647 -0.894350352 -0.270187341 -0.093370945 0.001366629 -0.002467939 -0.002851421 0.999991955
1305031459.027665 -0.894544708 -0.276396357 -0.093237364 0.000346860 -0.000109836 0.000145306 0.999999923
1305031459.059631 -0.942633424 -0.325396732 -0.089591628 -0.002429414 0.001676481 -0.002477075 0.999992576
1305031459.127618 -0.989264712 -0.354354506 -0.081315240 -0.001506437 0.001804845 -0.002943315 0.999992905
1305031459.159639 -1.066777010 -0.369129706 -0.077660800 -0.001230651 0.001477403 -0.001251187 0.999997369
1305031459.191674 -1.128440636 -0.377521693 -0.074038934 -0.000228350 0.002709531 -0.002176087 0.999993935
1305031459.227607 -1.217953913 -0.368664553 -0.061594658 -0.001125518 0.002393998 -0.001701656 0.999995053
1305031459.259760 -1.220476367 -0.366151673 -0.057493665 -0.001136587 0.000289403 -0.000519652 0.999999177
1305031459.327632 -1.195555991 -0.358906333 -0.051076336 -0.000531184 -0.000469867 0.000187689 0.999999731
1305031459.359651 -1.123930890 -0.368556622 0.002973170 -0.001925809 -0.008177533 0.001581232 0.999963459
1305031459.391667 -1.059882786 -0.365522204 0.029717951 -0.001195048 -0.004052646 0.000010052 0.999991074
1305031459.427646 -1.003107341 -0.344197215 0.040569070 0.000955459 -0.002685433 -0.001314775 0.999995073
1305031459.459679 -0.955895460 -0.346574401 0.049091158 -0.001589180 -0.001663229 -0.002344223 0.999994606
1305031459.527594 -0.935352407 -0.324593411 0.052985395 0.000928656 0.001431194 -0.002511491 0.999995391
1305031459.559647 -0.913495804 -0.298681610 0.061741390 0.003295782 -0.000392564 -0.001719563 0.999993013
1305031459.591695 -0.893966294 -0.287995892 0.057930058 -0.000490651 0.000007261 -0.002797862 0.999995966
1305031459.627608 -0.881671617 -0.278406625 0.060982514 0.000295023 -0.001039913 -0.004312941 0.999990115
1305031459.659641 -0.879311579 -0.266689344 0.058139827 0.000676158 -0.000612307 -0.000541009 0.999999438
1305031459.691604 -0.876923162 -0.263112480 0.058884186 -0.000120377 -0.000275973 0.001270824 0.999999147
1305031459.727551 -0.863405829 -0.250835226 0.055060456 0.001393931 -0.001531951 0.000607629 0.999997670
1305031459.791650 -0.863153773 -0.258130222 0.050131250 -0.001239100 -0.001959548 0.001102638 0.999996704
1305031459.827664 -0.867667307 -0.261270174 0.044719539 -0.000133641 -0.000147133 0.002189277 0.999997584
1305031459.859660 -0.871640836 -0.262576503 0.042190617 -0.000221389 -0.000408429 0.001127768 0.999999256
1305031459.891596 -0.886542451 -0.254227123 0.039728341 0.000327763 -0.000374743 0.000249745 0.999999845
1305031459.927607 -0.902983977 -0.243228545 0.037447808 0.002857763 -0.001398916 -0.002517487 0.999991769
1305031459.991725 -0.912334472 -0.239152833 0.035819869 0.000711182 0.000094539 -0.000443654 0.999999644
1305031460.027565 -0.919754279 -0.233198096 0.033774518 0.001332184 -0.000118862 -0.000372228 0.999999036
1305031460.059659 -0.923846266 -0.232636820 0.030151497 0.000665127 0.000029868 0.000162853 0.999999765
1305031460.091717 -0.931561762 -0.235966597 0.028928548 0.000080739 0.000274062 -0.000020574 0.999999959
1305031460.127690 -0.947580319 -0.233485561 0.023363583 0.000887888 0.001029842 -0.002004883 0.999997066
1305031460.159678 -0.962686588 -0.239421963 0.014342116 -0.000717047 0.001842860 -0.002437187 0.999995075
1305031460.191559 -0.982010161 -0.248096760 0.010942360 -0.001768466 0.001032703 -0.002481606 0.999994824
1305031460.227761 -0.998995489 -0.250389010 0.011399121 0.000327394 0.000671906 -0.001142484 0.999999068
1305031460.291689 -0.998922157 -0.258351453 0.011757671 0.000110277 -0.000267705 0.000550466 0.999999807
1305031460.327512 -0.987945722 -0.261405083 0.015557696 0.000861244 -0.003840445 0.000861026 0.999991884
1305031460.391611 -0.983703960 -0.261833682 0.018854167 0.000663426 -0.000670874 0.000200454 0.999999535
1305031460.427477 -0.976392245 -0.263973044 0.024152988 0.000383351 -0.001133598 0.001455460 0.999998225
1305031460.459620 -0.967702908 -0.271927859 0.028254295 -0.000759214 -0.001193099 0.000523821 0.999998863
1305031460.491504 -0.958664404 -0.273497176 0.032497417 0.000627319 -0.001363770 0.000660247 0.999998655
1305031460.527570 -0.947367602 -0.269276921 0.041100333 0.000293142 -0.001515155 0.001527793 0.999997642
1305031460.559647 -0.936755397 -0.264868088 0.047825500 0.000849919 -0.001485387 -0.000491149 0.999998415
1305031460.591855 -0.926050993 -0.264461181 0.053079460 0.000488617 -0.003031312 0.001187737 0.999994581
1305031460.627625 -0.920142931 -0.264525554 0.054772926 0.000037704 -0.002735744 0.001476064 0.999995168
1305031460.659764 -0.912592850 -0.267070799 0.056276680 -0.000707615 -0.003176105 0.001521054 0.999993549
1305031460.691671 -0.909096789 -0.269217346 0.057124794 0.000274901 -0.001133792 -0.000152051 0.999999308
1305031460.727675 -0.907220448 -0.269099450 0.059479930 -0.000086154 -0.000941846 0.000676063 0.999999324
1305031460.759667 -0.904246975 -0.266325813 0.060214803 0.001087367 -0.001037833 0.000867804 0.999998494
1305031460.791660 -0.901197334 -0.267680249 0.060703916 0.000120267 -0.001116881 0.000894551 0.999998969
1305031460.827660 -0.898571265 -0.267841547 0.062708739 0.000029415 -0.001314309 0.001019841 0.999998616
1305031460.859714 -0.897610934 -0.267264406 0.066112227 0.000102356 -0.001261185 0.000200910 0.999999179
1305031460.891774 -0.894239271 -0.267565947 0.070247957 -0.000013114 -0.001553096 0.000712111 0.999998540
1305031460.927562 -0.895517752 -0.262512013 0.077189839 0.002037056 -0.002767963 0.001106699 0.999993482
1305031460.991668 -0.894662128 -0.261994512 0.078069394 0.000638528 -0.000616358 -0.000128186 0.999999598
1305031461.027620 -0.897076228 -0.277128988 0.080011025 -0.000516444 -0.000055813 0.000788207 0.999999554
1305031461.091728 -0.903829795 -0.286057554 0.083549495 -0.000708399 -0.000250324 0.000376204 0.999999647
1305031461.127586 -0.904851515 -0.284601084 0.085151669 0.000664320 -0.000066694 0.000569104 0.999999615
1305031461.159720 -0.905431815 -0.286901488 0.086336272 0.000730025 -0.000709650 0.000373580 0.999999412
1305031461.192013 -0.909760271 -0.296061433 0.087236237 -0.000302416 -0.000161158 0.000496439 0.999999818
1305031461.227607 -0.911051370 -0.301172277 0.087194965 -0.000309949 -0.000578093 0.000438359 0.999999689
1305031461.259642 -0.910189537 -0.305805049 0.088712057 -0.000502957 -0.000563943 0.000702369 0.999999468
1305031461.291656 -0.912866649 -0.310964894 0.089719576 -0.000250719 -0.000317189 0.000000621 0.999999918
1305031461.327751 -0.913202508 -0.316204811 0.091083899 -0.000706359 -0.000172620 0.000607960 0.999999551
1305031461.359709 -0.910881243 -0.319059024 0.092984788 -0.001257996 -0.001233676 0.001405820 0.999997460
1305031461.391708 -0.907993820 -0.314279493 0.100720694 0.000273252 -0.001651555 0.000950188 0.999998147
1305031461.427624 -0.907730962 -0.309516812 0.105389937 0.000652835 0.000399622 0.000087045 0.999999703
1305031461.459781 -0.907561167 -0.310126454 0.109656004 0.000460807 -0.000557702 0.000381128 0.999999666
1305031461.491677 -0.907471245 -0.305278095 0.114799015 0.000275697 -0.000075237 0.000356027 0.999999896
1305031461.527705 -0.907101416 -0.308922859 0.117335532 0.000410295 -0.000070412 0.000055975 0.999999912
1305031461.559677 -0.907716027 -0.318563117 0.118901010 -0.001158661 0.000189694 0.000270156 0.999999274
1305031461.591690 -0.904293511 -0.321801191 0.120937297 0.000367218 -0.000543185 0.000792805 0.999999471
1305031461.627541 -0.897780066 -0.329967068 0.123659006 -0.001247178 -0.001192434 0.000751203 0.999998229
1305031461.659622 -0.890679064 -0.332980234 0.130188540 -0.000104644 -0.000624017 0.000438775 0.999999704
1305031461.691563 -0.882929334 -0.333850790 0.134427207 -0.000360991 -0.000727603 -0.000616459 0.999999480
1305031461.727602 -0.879325535 -0.330080815 0.139474518 -0.000006083 -0.000655500 -0.001579344 0.999998538
1305031461.759684 -0.876602527 -0.324604970 0.142537959 0.000916624 0.000081778 -0.000741720 0.999999301
1305031461.791612 -0.867855874 -0.321067922 0.146205574 -0.000389034 -0.000021953 0.000022149 0.999999924
1305031461.827615 -0.859367001 -0.314376860 0.151731825 0.000367003 -0.000235392 0.000078197 0.999999902
1305031461.859767 -0.854355081 -0.310598699 0.156500234 0.000286018 0.000076438 -0.000368235 0.999999888
1305031461.891723 -0.850624072 -0.303352153 0.161645385 -0.000827412 0.000292349 -0.000696803 0.999999372
1305031461.927758 -0.839611725 -0.285256247 0.167294849 0.001097639 -0.000481625 -0.001363684 0.999998352
1305031461.959703 -0.833908135 -0.269721284 0.170833647 0.000987874 0.000104706 -0.000391506 0.999999430
1305031461.991590 -0.828791280 -0.261628668 0.177285245 0.000566202 -0.001508706 -0.000209362 0.999998680
1305031462.027675 -0.822587463 -0.246341166 0.185826629 0.000766975 -0.000820902 0.000113017 0.999999363
1305031462.059837 -0.824149511 -0.228341550 0.195486661 0.002497211 0.000883150 -0.002542806 0.999993259
1305031462.091777 -0.827443632 -0.215249373 0.202584074 0.001570532 0.002262763 -0.002574916 0.999992892
1305031462.127739 -0.830055605 -0.199596596 0.209473257 0.003388239 0.002622778 -0.002506822 0.999987678
1305031462.159646 -0.829927596 -0.187475641 0.214959774 0.001760323 0.000992578 -0.001252007 0.999997174
1305031462.191641 -0.829634647 -0.176447989 0.218644161 0.001433367 0.000139798 -0.000535827 0.999998819
1305031462.227633 -0.827424674 -0.168665751 0.223871801 0.000406538 -0.000575499 0.000822197 0.999999414
1305031462.259765 -0.824479339 -0.159088170 0.229723670 0.000632856 -0.001452344 0.000916725 0.999998325
1305031462.291629 -0.821878561 -0.148879900 0.236469170 0.001429622 -0.001170511 0.000712133 0.999998039
1305031462.327540 -0.818542273 -0.139042820 0.242805017 0.000949837 -0.001102302 0.000688049 0.999998705
1305031462.359732 -0.816145441 -0.129136736 0.250624534 0.001621324 -0.001991068 0.000806893 0.999996378
1305031462.391695 -0.814609356 -0.120612431 0.259188766 0.000236048 -0.001757906 0.001316118 0.999997561
1305031462.427635 -0.813164106 -0.109102949 0.269290683 0.002045228 -0.001769168 0.000273808 0.999996306
1305031462.459897 -0.815716927 -0.095968942 0.277623341 0.002718147 -0.001053068 0.000153675 0.999995740
1305031462.492008 -0.819013637 -0.083753672 0.285212806 0.001777630 -0.000548133 0.000356020 0.999998206
1305031462.527670 -0.816686150 -0.069772345 0.293362713 0.003428746 -0.000856752 0.000603413 0.999993573
1305031462.559862 -0.818885089 -0.060765982 0.298129225 0.002042765 0.000914725 -0.000744821 0.999997218
1305031462.591862 -0.819168247 -0.055423947 0.301535523 0.001281307 -0.000103655 -0.000055911 0.999999172
1305031462.627851 -0.818325687 -0.054166341 0.303181016 0.000070429 -0.000902905 0.000199861 0.999999570
1305031462.659660 -0.817329976 -0.053704392 0.303327100 -0.000007158 -0.000820906 0.000400920 0.999999583
1305031462.692548 -0.815508875 -0.055203106 0.301374675 -0.000499291 -0.001114404 0.000440125 0.999999158
1305031462.727652 -0.814704747 -0.057937540 0.299154435 -0.001220596 -0.000434490 0.000488198 0.999999042
1305031462.759782 -0.812707900 -0.058235269 0.298499859 -0.000604843 -0.000201570 -0.000324045 0.999999744
1305031462.791943 -0.812592394 -0.058470702 0.298488137 -0.000085011 -0.000103184 -0.000002248 0.999999991
1305031462.827816 -0.812754229 -0.058558433 0.298278453 -0.000158927 0.000157435 -0.000102008 0.999999970
1305031462.859782 -0.813251970 -0.057282725 0.298582085 -0.000034203 0.000400232 -0.000091084 0.999999915
1305031462.891847 -0.813515571 -0.055617123 0.298752396 0.000564551 0.000131039 -0.000011073 0.999999832
1305031462.927607 -0.812830528 -0.056876158 0.296973722 -0.000313909 -0.000164705 -0.000241958 0.999999908
1305031462.959676 -0.812130481 -0.058709957 0.294520881 -0.000389640 -0.000067116 -0.000303015 0.999999876
1305031462.995550 -0.811434101 -0.060769218 0.290867156 -0.000191301 0.000590562 -0.000353645 0.999999745
1305031463.027667 -0.811524691 -0.065207897 0.283739660 -0.000121077 0.000837823 -0.000238336 0.999999613
1305031463.059810 -0.811481163 -0.073761135 0.275448390 -0.001858121 0.000774391 -0.000126827 0.999997966
1305031463.095809 -0.811823979 -0.079774203 0.269123067 -0.001240343 0.000652088 0.000330608 0.999998964
1305031463.127550 -0.810519681 -0.083653426 0.263558650 -0.000290150 0.000113646 -0.000112057 0.999999945
1305031463.159787 -0.809084866 -0.090765998 0.254713912 -0.001157821 0.000218581 0.000442570 0.999999208
1305031463.195657 -0.807073382 -0.099687511 0.247836135 -0.002453185 0.000005711 0.001052867 0.999996437
1305031463.227784 -0.805887503 -0.101079818 0.244487542 -0.000103266 -0.000273383 0.000277594 0.999999919
1305031463.260034 -0.804654105 -0.103473851 0.240036196 0.000365529 0.000108433 -0.000065562 0.999999925
1305031463.295737 -0.803839191 -0.111697839 0.233189521 -0.001747700 0.000440759 0.000374354 0.999998306
1305031463.327739 -0.802565599 -0.115651393 0.230659836 -0.000884507 0.000190169 0.000229401 0.999999564
1305031463.359750 -0.802419929 -0.116839343 0.228040931 0.000401262 0.000548262 -0.000340999 0.999999711
1305031463.395630 -0.802552848 -0.124723165 0.223024893 -0.001557342 0.001051148 -0.000512099 0.999998104
1305031463.427716 -0.801713134 -0.127744067 0.220058270 -0.001043224 0.000681628 -0.000123971 0.999999216
1305031463.459756 -0.801673336 -0.129385882 0.219221313 -0.000070711 0.000144811 -0.000171964 0.999999972
1305031463.495629 -0.798525687 -0.131772648 0.218242807 -0.000336822 -0.000097347 -0.000061781 0.999999937
1305031463.527670 -0.795339239 -0.133315015 0.217742321 0.000270102 -0.000604732 0.000173230 0.999999766
1305031463.559751 -0.787591715 -0.138787152 0.215661970 0.000044531 -0.000308705 0.000331369 0.999999896
1305031463.595600 -0.784525025 -0.145101986 0.212300876 -0.000769963 0.000465401 -0.000293129 0.999999552
1305031463.627588 -0.784131028 -0.147163283 0.209377214 0.000541453 0.000461650 -0.000285145 0.999999706
1305031463.659766 -0.782828840 -0.154017417 0.202412944 0.000397380 0.000498411 -0.000376689 0.999999726
1305031463.695640 -0.772273471 -0.175194062 0.196413682 -0.002865594 0.000979749 -0.000933826 0.999994978
1305031463.727588 -0.769137301 -0.182000624 0.189011403 -0.000606166 0.000109641 0.000052287 0.999999809
1305031463.759674 -0.754811691 -0.189751911 0.182375058 0.000915286 -0.000331179 0.000242142 0.999999497
1305031463.795647 -0.743187745 -0.211221543 0.173951046 -0.001208778 -0.000560448 0.000307061 0.999999065
1305031463.827761 -0.734469589 -0.226522304 0.163337017 -0.001194890 -0.000601038 0.000207307 0.999999084
1305031463.859910 -0.723703925 -0.241170501 0.157524009 0.000349753 -0.001356493 0.000702652 0.999998772
1305031463.895648 -0.708608656 -0.262049329 0.150823567 -0.000192003 -0.001144218 0.001167688 0.999998645
1305031463.927664 -0.702806359 -0.278853239 0.139029012 -0.001270001 -0.000089702 0.000169880 0.999999175
1305031463.959680 -0.695139243 -0.294564024 0.132175976 -0.000189945 0.000126422 0.000467186 0.999999865
1305031463.995821 -0.690922676 -0.312708471 0.123143608 -0.000113029 0.000289865 -0.000167549 0.999999938
1305031464.027703 -0.689748863 -0.332314745 0.110643475 -0.001185051 0.000752459 0.001157150 0.999998345
1305031464.059652 -0.684579212 -0.347217045 0.100841745 -0.000208625 -0.000377337 0.000451364 0.999999805
1305031464.095634 -0.677020770 -0.361933601 0.089136007 0.000437379 -0.001277567 0.001207810 0.999998359
1305031464.127681 -0.672226490 -0.378287806 0.075269365 -0.000286099 0.001363325 0.000922920 0.999998604
1305031464.159817 -0.668967751 -0.396948465 0.064546940 -0.001067186 0.000629048 -0.000044021 0.999999232
1305031464.195585 -0.671264403 -0.422663621 0.052834438 -0.001053202 0.000684092 -0.000707389 0.999998961
1305031464.227624 -0.686723438 -0.456708815 0.039355094 -0.002915095 0.002314858 -0.001966629 0.999991138
1305031464.259644 -0.707968796 -0.485947925 0.024914305 -0.001873902 0.002815144 -0.001352734 0.999993367
1305031464.295667 -0.736719109 -0.501103033 0.009719399 -0.001877918 0.008815019 0.001749997 0.999957852
1305031464.327866 -0.755653425 -0.506163812 0.002134151 0.000945820 0.002063140 -0.002083944 0.999995253
1305031464.359684 -0.765129827 -0.517114826 -0.007808666 -0.000445396 0.000338434 -0.000709114 0.999999592
1305031464.395611 -0.770279976 -0.531970357 -0.019683412 -0.000591088 0.000589622 -0.000883085 0.999999262
1305031464.427634 -0.770745535 -0.553769655 -0.030587744 -0.001824248 0.000106044 0.000560517 0.999998173
1305031464.459689 -0.765310404 -0.568643012 -0.035871667 -0.000259647 -0.000596219 0.001149740 0.999999128
1305031464.495633 -0.764636988 -0.584769779 -0.046624151 -0.000112303 0.001519109 0.001380749 0.999997887
1305031464.527574 -0.758395947 -0.602240449 -0.059080439 -0.000951611 0.000024541 -0.000137071 0.999999538
1305031464.559703 -0.750760233 -0.613341331 -0.066786679 -0.000250382 -0.001250986 0.001423390 0.999998173
1305031464.595698 -0.744386667 -0.620456925 -0.074283354 0.001099930 -0.001469213 0.001717035 0.999996842
1305031464.627672 -0.723704426 -0.647700551 -0.087259347 -0.000813496 -0.001954669 0.003639076 0.999991137
1305031464.659749 -0.692452003 -0.697123248 -0.101678509 -0.004274877 -0.002798286 0.003453714 0.999980983
1305031464.695663 -0.670322396 -0.735108717 -0.115162700 -0.001449212 -0.001624316 0.003353526 0.999992008
1305031464.727652 -0.640266949 -0.801506412 -0.111978514 -0.001622941 -0.001408732 0.002354224 0.999994920
1305031464.759740 -0.621720088 -0.874458827 -0.103411875 -0.001512746 -0.001258919 0.001405722 0.999997075
1305031464.796021 -0.611845335 -0.908951453 -0.101369870 0.000030728 -0.001197707 0.002281120 0.999996681
1305031464.827759 -0.605900228 -0.938293695 -0.095836604 -0.000049995 -0.000459909 0.002188711 0.999997498
1305031464.859654 -0.636259358 -0.981822112 -0.089901471 -0.001399513 0.001491577 -0.000084691 0.999997905
1305031464.895817 -0.660889921 -0.992764869 -0.092166623 -0.000994157 0.002883168 -0.000249574 0.999995318
1305031464.927799 -0.686380842 -0.985663868 -0.083340797 0.000674890 0.002024193 0.002096775 0.999995525
1305031464.959763 -0.705366921 -0.979997842 -0.081725569 0.000787995 0.001933683 0.004972822 0.999985455
1305031464.995687 -0.700272112 -0.994255727 -0.077750461 -0.000235601 -0.000321602 0.002474154 0.999996860
1305031465.027823 -0.689549685 -1.010495083 -0.071643038 -0.000802054 -0.001589755 0.003903273 0.999990797
1305031465.059749 -0.689975520 -1.010036558 -0.068656748 0.000950289 0.000239532 0.003530427 0.999993288
1305031465.095700 -0.692304911 -1.018269703 -0.062415141 -0.002239560 -0.000560491 0.003691259 0.999990522
1305031465.127664 -0.723992730 -0.979900412 -0.046724649 0.000229797 0.000426672 0.000791216 0.999999570
1305031465.159842 -0.763945239 -0.927720100 -0.036003213 0.000737291 0.000901210 0.000989613 0.999998832
1305031465.195564 -0.804438021 -0.871272954 -0.019899023 0.002745307 0.001516811 0.001134495 0.999994438
1305031465.227907 -0.833257520 -0.825906399 -0.004693881 0.002126636 0.001045333 -0.000061134 0.999997190
1305031465.259807 -0.858191370 -0.785516174 0.017074735 0.001516077 0.000859804 0.000277122 0.999998443
1305031465.295623 -0.880168335 -0.750943897 0.032252545 0.002004421 0.000869194 -0.000766186 0.999997320
1305031465.327674 -0.908052477 -0.722558569 0.044931563 0.001177314 0.002597729 -0.002740591 0.999992177
1305031465.359948 -0.940757178 -0.692858558 0.062152972 0.001244686 0.003720770 -0.001629851 0.999990975
1305031465.395586 -0.962616347 -0.682238003 0.068191051 0.001323760 0.003525451 -0.003541816 0.999986637
1305031465.427697 -0.990222472 -0.690156658 0.068479292 -0.000545818 0.002393829 -0.005050075 0.999984234
1305031465.460125 -1.007871629 -0.691527975 0.066820897 -0.000046767 0.004900748 -0.003360497 0.999982344
1305031465.495703 -1.011095594 -0.689193190 0.066409518 0.000008420 0.000505187 -0.001959962 0.999997952
1305031465.527622 -1.018664428 -0.679754139 0.066279078 0.000404001 0.001384356 -0.002210191 0.999996518
1305031465.559812 -1.027263602 -0.672386563 0.066466819 0.002096520 0.002608205 -0.002972619 0.999989983
1305031465.595599 -1.029597165 -0.681398182 0.062647510 -0.001546851 0.001202763 -0.001669844 0.999996686
1305031465.627688 -1.023777184 -0.685408217 0.058760810 -0.000936333 -0.000113202 -0.001041212 0.999999013
1305031465.660060 -1.025081114 -0.688665542 0.056402692 -0.000347338 0.000780079 -0.001346041 0.999998730
1305031465.695668 -1.026182055 -0.692934073 0.052323023 -0.000743087 0.000142442 -0.000455709 0.999999610
1305031465.727682 -1.028420613 -0.697604298 0.048629982 -0.000096739 0.000849891 -0.001062660 0.999999070
1305031465.759766 -1.024516510 -0.706149341 0.045269538 -0.000388796 -0.000203316 -0.000004434 0.999999904
1305031465.795937 -1.023053142 -0.711361596 0.041540953 -0.000463963 0.000677714 -0.001227836 0.999998909
1305031465.827996 -1.013180180 -0.711349862 0.038305185 0.000319649 -0.000132719 -0.000330418 0.999999886
1305031465.859861 -1.005833364 -0.725958535 0.035524075 -0.000390579 -0.000037110 0.000013578 0.999999923
1305031465.895494 -0.987415397 -0.728609950 0.032110000 -0.000519749 -0.000847548 0.000843522 0.999999150
1305031465.927495 -0.969879307 -0.718958566 0.023191726 0.000156567 0.001210920 0.001214789 0.999998517
1305031465.959710 -0.936212781 -0.720469881 0.021491538 0.000256835 -0.000532154 0.000256372 0.999999793
1305031465.995753 -0.908573123 -0.732307333 0.020587638 -0.001237778 -0.000792600 0.000428739 0.999998828
1305031466.027644 -0.886756812 -0.728992316 0.017831387 0.000026216 -0.000310098 0.000434740 0.999999857
1305031466.059757 -0.868520245 -0.722752836 0.014702420 -0.000188070 -0.000568378 0.000699442 0.999999576
1305031466.095840 -0.854479901 -0.697570327 0.008713691 0.001117778 0.000071612 0.000693237 0.999999132
1305031466.127640 -0.844646072 -0.677174253 0.005133712 0.000816929 0.000245737 -0.000771522 0.999999338
1305031466.160428 -0.841771520 -0.656659733 -0.001174731 0.000614726 0.000177982 -0.000587345 0.999999623
1305031466.195833 -0.843476530 -0.640699628 -0.006461655 0.000447875 0.000497066 -0.001151613 0.999999113
1305031466.227951 -0.850553748 -0.616684100 -0.013460062 0.000948834 0.000818160 -0.001676137 0.999997810
1305031466.259815 -0.855807382 -0.591741400 -0.023582319 0.001863649 0.000952003 -0.001541212 0.999996623
1305031466.295737 -0.849781794 -0.585217201 -0.031051690 0.000212486 -0.000754101 0.001571072 0.999998459
1305031466.327702 -0.829783684 -0.587526872 -0.038505223 -0.001238351 -0.001821742 0.001542622 0.999996384
1305031466.359829 -0.804173424 -0.578261966 -0.047565647 -0.000695213 -0.003223184 0.002965668 0.999990166
1305031466.395784 -0.775020285 -0.558803908 -0.060806957 0.001663762 -0.001775149 0.001701289 0.999995593
1305031466.427819 -0.758835391 -0.558599513 -0.071831695 0.001241206 -0.002355741 -0.000218067 0.999996431
1305031466.459790 -0.751019000 -0.565172572 -0.081232765 -0.000035587 -0.001236128 0.000983517 0.999998752
1305031466.495809 -0.745666792 -0.560307314 -0.086812777 -0.000192171 -0.000679560 -0.000497981 0.999999627
1305031466.527538 -0.740801263 -0.545124005 -0.092346406 0.001290333 0.000643663 0.000649362 0.999998750
1305031466.560353 -0.719735723 -0.537148230 -0.098806949 0.000600155 0.000010892 0.000024096 0.999999820
1305031466.595936 -0.701009216 -0.523332943 -0.102904241 -0.000146359 -0.000273482 0.000701841 0.999999706
1305031466.627549 -0.687906667 -0.497376942 -0.103904984 0.001516203 -0.000067222 0.000138292 0.999998839
1305031466.659688 -0.674981116 -0.490813052 -0.107897019 0.000667140 -0.000663223 0.000199507 0.999999538
1305031466.695822 -0.655961239 -0.503812938 -0.107819556 -0.000909765 -0.000950551 0.001376749 0.999998187
1305031466.728074 -0.651146462 -0.494944099 -0.108622024 -0.000227073 -0.000490901 0.000380157 0.999999781
1305031466.759637 -0.648880140 -0.482581638 -0.107784280 0.000960992 0.000107349 0.001602299 0.999998249
1305031466.795604 -0.644112217 -0.490730394 -0.112889137 -0.000255482 -0.000821515 0.001584998 0.999998374
1305031466.827879 -0.641025255 -0.494184180 -0.117054536 -0.000617306 -0.000109723 0.000743011 0.999999527
1305031466.859665 -0.645679010 -0.481808474 -0.117827015 0.001245748 0.001525187 0.002213251 0.999995612
1305031466.895694 -0.651293055 -0.479648692 -0.121521258 0.001083705 0.001690453 -0.000476340 0.999997871
1305031466.927756 -0.660560329 -0.485534033 -0.126223208 -0.000262517 0.002113938 -0.000510026 0.999997601
1305031466.959728 -0.679463687 -0.484049768 -0.135901488 0.000912161 0.001051617 -0.001068329 0.999998460
1305031466.995712 -0.684139404 -0.485768142 -0.139924359 0.000393810 0.000480234 -0.000639075 0.999999603
1305031467.027843 -0.683742231 -0.489596773 -0.140795597 -0.000154009 -0.000020371 0.000242746 0.999999958
1305031467.059700 -0.681842447 -0.488840250 -0.145369213 0.000104075 -0.000037667 0.000122490 0.999999986
1305031467.095687 -0.677159550 -0.487890033 -0.146105069 -0.000056619 -0.000236436 -0.000198603 0.999999951
1305031467.128974 -0.675879935 -0.483600838 -0.146841337 0.000013553 -0.000269188 0.000497309 0.999999840
1305031467.159660 -0.673578673 -0.484713382 -0.148832449 -0.000502086 -0.000396191 0.002169856 0.999997441
1305031467.195663 -0.670959139 -0.487244903 -0.151716109 -0.000314579 -0.000453233 0.000733176 0.999999579
1305031467.227704 -0.671717939 -0.487334609 -0.156117585 0.000337207 -0.000365360 -0.000005500 0.999999876
1305031467.259694 -0.671647952 -0.487112325 -0.161093243 -0.000026141 -0.000754791 0.000217996 0.999999691
1305031467.295846 -0.671646373 -0.489480427 -0.164633978 0.000206142 0.000076431 0.000559982 0.999999819
1305031467.328008 -0.672646328 -0.489841515 -0.171493744 0.000282501 -0.000184383 0.000603220 0.999999761
1305031467.359654 -0.673246967 -0.491981940 -0.175037796 -0.000426711 0.000137325 -0.000126392 0.999999892
1305031467.395756 -0.679244899 -0.482578779 -0.178407112 0.000291316 0.000647320 -0.000986244 0.999999262
1305031467.427783 -0.682722644 -0.471361998 -0.180823818 0.000863526 0.000479560 0.000201612 0.999999492
1305031467.459692 -0.684764625 -0.470697510 -0.182311003 0.000167583 -0.000030474 -0.000299042 0.999999941
1305031467.496058 -0.691259303 -0.472535441 -0.184349066 -0.000259580 0.000502522 0.000063850 0.999999838
1305031467.527663 -0.692249828 -0.455439875 -0.187673064 0.000852701 -0.000037595 -0.000117782 0.999999629
1305031467.559763 -0.692088909 -0.441203479 -0.191899866 0.000441418 -0.000020915 0.000347222 0.999999842
1305031467.595989 -0.688169790 -0.442206615 -0.193021875 -0.000151525 -0.000166863 -0.000094212 0.999999970
1305031467.627532 -0.690459744 -0.440494073 -0.194327045 0.000661185 0.000697782 -0.000651776 0.999999326
1305031467.659626 -0.691004498 -0.455293398 -0.201689561 -0.000154960 0.000007336 -0.001979350 0.999998029
1305031467.695886 -0.692951457 -0.474045668 -0.210799482 -0.000042561 0.000331852 -0.000776004 0.999999643
1305031467.727535 -0.690895184 -0.480001371 -0.212328801 -0.000259973 -0.000302138 0.000323830 0.999999868
1305031467.759907 -0.690305421 -0.495784288 -0.211128215 -0.000242120 -0.000054496 0.000713410 0.999999715
1305031467.796075 -0.694560331 -0.514482808 -0.209177543 -0.000650648 0.000023502 0.000470738 0.999999677
1305031467.827800 -0.695337130 -0.522960878 -0.207698268 -0.000031754 0.000127762 0.000276437 0.999999953
1305031467.859729 -0.695689108 -0.540928687 -0.205974586 -0.000070941 0.000323053 -0.000062931 0.999999943
1305031467.895947 -0.700570676 -0.564128696 -0.201851064 -0.000322245 0.000394536 -0.000365081 0.999999804
1305031467.927754 -0.716756518 -0.574002297 -0.198912771 0.000529020 0.002102344 0.001253943 0.999996864
1305031467.959826 -0.726311341 -0.585009384 -0.193596235 0.000139339 0.001462152 -0.000028925 0.999998921
1305031467.995754 -0.728720086 -0.604435210 -0.188701043 -0.000515009 0.000007663 -0.000405006 0.999999785
1305031468.028107 -0.731351160 -0.605685197 -0.186575857 -0.000758188 0.000719945 -0.000052604 0.999999452
1305031468.059850 -0.731536068 -0.605119852 -0.186105742 -0.000062997 0.000234162 0.000317562 0.999999920
1305031468.095867 -0.728493203 -0.619269423 -0.179292827 -0.000352938 0.000241172 0.000340675 0.999999851
1305031468.127816 -0.730947784 -0.619342107 -0.175587915 -0.000126631 0.000616868 -0.000521532 0.999999666
1305031468.159864 -0.732354601 -0.617967818 -0.174536141 0.000320686 0.000313931 -0.000083171 0.999999896
1305031468.195985 -0.731901848 -0.618792265 -0.172845314 0.000087736 0.000136144 0.000161779 0.999999974
1305031468.228158 -0.732544121 -0.619564633 -0.169445251 -0.000312993 0.000491961 0.000248545 0.999999799
1305031468.259754 -0.721676067 -0.620950744 -0.166683068 0.000234727 0.000230110 -0.000171199 0.999999931
1305031468.295830 -0.721051969 -0.623717307 -0.165607880 0.000150215 0.000095026 -0.000222104 0.999999960
1305031468.327847 -0.709098764 -0.627597970 -0.163919692 0.000162516 0.000115634 -0.000112854 0.999999974
1305031468.359787 -0.692826444 -0.644160236 -0.160459439 -0.000073680 0.000153242 -0.000218243 0.999999962
1305031468.395860 -0.690673891 -0.651621667 -0.159170050 0.000257018 0.000518961 0.000034992 0.999999832
1305031468.428025 -0.688816491 -0.651257058 -0.158818797 -0.000102993 0.000183389 -0.000344451 0.999999919
1305031468.459759 -0.689171444 -0.649925627 -0.159088532 0.000837292 0.000245847 -0.000450375 0.999999518
1305031468.495809 -0.686485104 -0.656611575 -0.158206261 0.000062862 0.000334461 0.000446064 0.999999843
1305031468.527756 -0.684522900 -0.657624579 -0.157668860 0.000436383 0.000414256 0.000654586 0.999999605
1305031468.559739 -0.683027720 -0.670499565 -0.156618042 -0.000069305 -0.000220527 0.000540652 0.999999827
1305031468.595768 -0.681632035 -0.691594847 -0.154608231 -0.000161423 -0.000212371 0.000705594 0.999999715
1305031468.627626 -0.681419667 -0.698152557 -0.153292820 -0.000210438 0.000038308 0.000184935 0.999999960
1305031468.659579 -0.683513286 -0.701342399 -0.152584630 0.000014172 0.000046690 -0.000599214 0.999999819
1305031468.695835 -0.686735439 -0.719186126 -0.150869701 0.000260205 -0.000090484 -0.000722800 0.999999701
1305031468.727785 -0.699010088 -0.743351105 -0.148643984 0.000054189 0.000682185 0.000559348 0.999999609
1305031468.759628 -0.708770314 -0.766337508 -0.143687252 -0.000303457 0.000488063 -0.000189567 0.999999817
1305031468.795796 -0.714816191 -0.782316811 -0.141734474 -0.000006897 0.000285511 0.000239459 0.999999931
1305031468.829247 -0.720121014 -0.803675605 -0.139254509 0.000142333 0.000115748 0.000921496 0.999999559
1305031468.859659 -0.722969795 -0.834708949 -0.132021854 -0.001190212 0.000133166 -0.000073928 0.999999280
1305031468.895873 -0.723494498 -0.835680004 -0.131579020 0.000007718 -0.000103882 0.000354119 0.999999932
1305031468.928141 -0.718330606 -0.833631156 -0.130511002 -0.000499754 -0.000359094 0.000965363 0.999999345
1305031468.959594 -0.712762705 -0.833041629 -0.128938534 -0.000349950 0.000469935 -0.000858129 0.999999460
1305031468.995711 -0.712713317 -0.814494079 -0.127832291 -0.000024940 0.000484229 0.000212009 0.999999860
1305031469.027699 -0.712940265 -0.782478020 -0.123289232 -0.000493716 -0.000042916 0.000142951 0.999999867
1305031469.059832 -0.702856732 -0.758409064 -0.115540654 -0.002064889 -0.004649078 0.009439526 0.999942507
1305031469.095723 -0.703727552 -0.743049163 -0.108236263 -0.000819056 -0.000909510 0.001541571 0.999998063
1305031469.127679 -0.707277214 -0.713624607 -0.100692607 0.000758750 -0.000027084 0.001315082 0.999998847
1305031469.159703 -0.709151234 -0.694905087 -0.097296570 0.000555163 0.000706545 0.001279678 0.999998778
1305031469.195540 -0.703548974 -0.667521545 -0.091229492 0.000875307 -0.000215976 0.000918140 0.999999172
1305031469.227754 -0.695101628 -0.650913553 -0.084215424 0.000180788 0.000028785 0.000523658 0.999999846
1305031469.259586 -0.692682008 -0.637078781 -0.074796598 0.001532672 -0.000937827 0.000837201 0.999998035
1305031469.296754 -0.690186834 -0.624129807 -0.062815977 0.000739573 -0.000928605 0.000256552 0.999999262
1305031469.327618 -0.689672098 -0.611126469 -0.050070887 0.000786248 0.000005790 0.000689892 0.999999453
1305031469.359592 -0.690937760 -0.593423669 -0.037472474 0.001222813 -0.000249372 0.000547243 0.999999072
1305031469.395695 -0.689339994 -0.573536163 -0.026030196 0.002088939 -0.001624036 0.001955239 0.999994588
1305031469.427651 -0.681393467 -0.562521124 -0.017035466 0.001429478 -0.002969186 0.002521933 0.999991390
1305031469.459668 -0.671907373 -0.550817805 -0.006373450 0.000877693 -0.002418860 0.001455922 0.999995630
1305031469.495744 -0.663895846 -0.537439939 0.005770435 0.000741191 -0.001352996 0.001180528 0.999998113
1305031469.527622 -0.666364535 -0.524233851 0.017495819 0.001290885 -0.000676895 0.000459536 0.999998832
1305031469.559645 -0.675834788 -0.509338395 0.029627033 0.000656091 0.000515679 0.000139688 0.999999642
1305031469.595755 -0.686201849 -0.493024019 0.046058074 0.000545296 0.000503882 -0.000567992 0.999999563
1305031469.627752 -0.694292568 -0.472178528 0.060692188 0.000474302 0.000258085 -0.000416499 0.999999767
1305031469.659590 -0.699759316 -0.448160067 0.074968897 0.000913821 0.000259217 0.000573880 0.999999384
1305031469.695613 -0.702877670 -0.432846859 0.089559297 0.000130731 -0.000106694 -0.000440497 0.999999889
1305031469.727679 -0.706770805 -0.417664942 0.105237600 0.000559662 -0.000585310 0.000003884 0.999999672
1305031469.759599 -0.713219411 -0.403012132 0.121320134 0.000289314 0.000511332 0.000584895 0.999999656
1305031469.795621 -0.720425098 -0.391150367 0.138596741 -0.000801503 0.000248202 -0.000452300 0.999999546
1305031469.827526 -0.730341385 -0.376464469 0.155588178 0.000841165 0.001026449 -0.000130377 0.999999111
1305031469.859574 -0.739486630 -0.362897543 0.172252164 0.000265701 0.000373906 -0.001215987 0.999999155
1305031469.895755 -0.747478472 -0.348573016 0.188687829 0.000930673 0.001122016 0.000421094 0.999998849
1305031469.927854 -0.756721166 -0.335326036 0.203795857 0.000661716 0.000813258 0.000583350 0.999999280
1305031469.959805 -0.766730039 -0.327030520 0.218034130 0.000414569 0.000566605 -0.000017722 0.999999753
1305031469.995551 -0.775365514 -0.316957346 0.229295063 0.000275111 0.000560503 0.000203709 0.999999784
1305031470.027694 -0.783372455 -0.308440710 0.240567337 0.000124657 0.000386373 0.000172996 0.999999903
1305031470.059638 -0.788705240 -0.300375333 0.251843642 0.000102252 0.000177811 0.000070136 0.999999977
1305031470.095944 -0.794479896 -0.292704966 0.261948456 0.000363959 0.000183944 0.000393264 0.999999840
1305031470.127633 -0.799272570 -0.287014182 0.272470340 0.000009006 0.001077586 0.000425978 0.999999329
1305031470.159626 -0.805944697 -0.278923670 0.281938146 0.000012304 0.000727081 0.000098982 0.999999731
1305031470.196092 -0.810903203 -0.273235008 0.290541775 0.000301254 0.000688772 -0.000625660 0.999999522
1305031470.227618 -0.818688330 -0.267669433 0.297408413 -0.000037186 0.000615968 -0.000294564 0.999999766
1305031470.259965 -0.823748127 -0.259901260 0.305699629 0.000353471 0.000539386 0.000158079 0.999999780
1305031470.295718 -0.829858019 -0.251896409 0.313543662 0.000390009 0.000529603 -0.000003830 0.999999784
1305031470.327644 -0.835061530 -0.243496878 0.322109333 0.000543695 0.000430649 -0.000341026 0.999999701
1305031470.359624 -0.840008525 -0.235263473 0.330885448 0.001149539 0.000498538 -0.000012792 0.999999215
1305031470.395823 -0.845894125 -0.228845322 0.336973157 0.000996047 0.001316964 -0.000023774 0.999998636
1305031470.427641 -0.848780847 -0.223923143 0.342208733 0.000372074 -0.000101585 -0.000358635 0.999999861
1305031470.459721 -0.853583102 -0.221716601 0.345862538 0.000187666 0.000099270 0.000056274 0.999999976
1305031470.495686 -0.855755641 -0.221430012 0.349524435 0.000098184 0.000071768 0.000066722 0.999999990
1305031470.527689 -0.856337589 -0.215795779 0.350370974 0.001157976 -0.001212081 -0.001493292 0.999997480
1305031470.559677 -0.857732610 -0.215702103 0.354309744 -0.000215103 -0.000149006 -0.000009452 0.999999966
1305031470.595760 -0.859088898 -0.214481769 0.358189232 -0.000075791 0.000138176 -0.000240770 0.999999959
1305031470.627729 -0.861550184 -0.212885636 0.361654140 -0.000038807 0.000155667 -0.000004295 0.999999987
1305031470.659690 -0.863458424 -0.209998367 0.365298870 0.000153843 0.000295623 -0.000320969 0.999999893
1305031470.695630 -0.864855716 -0.206930012 0.368821707 0.000393323 0.000281151 -0.000138797 0.999999873
1305031470.727654 -0.866546754 -0.205039479 0.372376943 0.000146713 0.000525894 0.000139264 0.999999841
1305031470.759682 -0.866826538 -0.204078957 0.373653357 0.000087322 -0.000062456 0.000079536 0.999999991
1305031470.795615 -0.866720651 -0.202449396 0.376607611 0.000218253 -0.000293901 0.000040535 0.999999932
1305031470.827831 -0.866605715 -0.200359046 0.377858144 0.000753692 -0.000255653 0.000379905 0.999999611
1305031470.859645 -0.867078053 -0.201791514 0.376623632 -0.000266394 0.000102486 -0.000190512 0.999999941
1305031470.895722 -0.868302521 -0.203464138 0.373623928 -0.000128306 0.000055679 -0.000156310 0.999999978
1305031470.927684 -0.869539632 -0.206955525 0.371800836 -0.000404670 0.000499203 -0.000463515 0.999999686
1305031470.959647 -0.870548391 -0.211730323 0.368313865 -0.000022744 0.000375987 -0.000182495 0.999999912
1305031470.995996 -0.869851544 -0.218980497 0.362465711 -0.000700781 0.000071275 -0.000496248 0.999999629
1305031471.027644 -0.867717396 -0.226242010 0.357612879 -0.000796735 -0.000438293 0.000180799 0.999999570
1305031471.059636 -0.865488104 -0.235837013 0.352771819 -0.000468507 -0.000439289 0.000122090 0.999999786
1305031471.095777 -0.864783728 -0.241259748 0.344295885 -0.002198965 0.001976438 0.001992859 0.999993643
1305031471.127663 -0.865185326 -0.249273887 0.339914469 -0.000297429 0.000327481 -0.000390958 0.999999826
1305031471.159649 -0.865478476 -0.255536817 0.333995338 -0.000744182 0.000951485 -0.000716420 0.999999014
1305031471.195703 -0.867032100 -0.261983604 0.330918453 -0.000850381 0.000389579 -0.000249556 0.999999531
1305031471.227569 -0.866945070 -0.264713214 0.330354055 0.000069399 -0.000104586 -0.000088747 0.999999988
1305031471.259722 -0.866883499 -0.264895032 0.329933585 0.000072293 -0.000005905 -0.000038121 0.999999997
1305031471.296068 -0.868300274 -0.267043967 0.329813338 0.000258145 -0.000036343 -0.000238572 0.999999938
1305031471.327642 -0.868124863 -0.270172442 0.327349999 -0.000115965 0.000039289 -0.000122068 0.999999985
1305031471.359615 -0.865781348 -0.272710238 0.325915038 -0.000258046 -0.001124764 0.000747427 0.999999055
1305031471.395730 -0.864057736 -0.272655066 0.325785125 0.000433876 -0.000959575 0.000534359 0.999999303
1305031471.427704 -0.861795738 -0.276187478 0.322664239 -0.000172068 -0.000297192 0.000485288 0.999999823
1305031471.459647 -0.861140119 -0.281114012 0.319499486 -0.000902869 0.000386388 -0.000346445 0.999999458
1305031471.496491 -0.861628913 -0.282083939 0.317906886 0.000002109 0.000354198 -0.000339942 0.999999879
1305031471.527624 -0.861930308 -0.281653287 0.316591279 0.000415998 0.000180212 -0.000292315 0.999999855
1305031471.559671 -0.862157804 -0.283076088 0.314541940 0.000048004 0.000169191 0.000005021 0.999999985
1305031471.595702 -0.860884160 -0.283342737 0.312816158 -0.000014036 -0.000565453 0.000141542 0.999999830
1305031471.627621 -0.859657605 -0.283605287 0.311369676 0.000190914 -0.000530633 0.000516366 0.999999708
1305031471.659642 -0.857626499 -0.284831905 0.309130209 0.000133344 -0.000723355 0.000257433 0.999999696
1305031471.695609 -0.855665782 -0.287168687 0.306164397 -0.000497918 -0.000334221 -0.000183378 0.999999803
1305031471.727501 -0.854583836 -0.290045007 0.304244918 -0.001013205 -0.000028396 -0.000131983 0.999999478
1305031471.759702 -0.854571702 -0.289560840 0.303896649 0.000155977 -0.000021290 0.000016918 0.999999987
1305031471.795801 -0.854273666 -0.289612701 0.302353058 -0.000085128 0.000235404 -0.000069492 0.999999966
1305031471.827639 -0.852811837 -0.288230659 0.301773175 -0.000246902 -0.000072804 -0.000234208 0.999999939
1305031471.859665 -0.853248489 -0.282776613 0.302434875 0.000373800 0.000529434 -0.000194684 0.999999771
1305031471.895604 -0.853862147 -0.279419529 0.304292439 0.000510815 0.000358794 -0.000212716 0.999999783
1305031471.927651 -0.853089943 -0.275322517 0.306853859 -0.000231902 -0.000117448 -0.000198897 0.999999946
1305031471.959643 -0.851898039 -0.269927188 0.309146470 0.000756878 -0.000667544 -0.000048520 0.999999490
1305031471.995573 -0.849505222 -0.269143846 0.310513596 0.000172140 -0.001120686 0.000392529 0.999999280
1305031472.027638 -0.848490872 -0.265858047 0.314056918 -0.000356350 -0.000545118 -0.000065474 0.999999786
1305031472.059668 -0.848844904 -0.259058277 0.316688362 0.000499057 -0.000428201 0.000103246 0.999999778
1305031472.095601 -0.848461921 -0.257668574 0.317527989 -0.000032693 -0.000299031 0.000025469 0.999999954
1305031472.127594 -0.848485786 -0.255798710 0.320301789 -0.000513927 -0.000033278 0.000011663 0.999999867
1305031472.159645 -0.850059152 -0.250040009 0.323466879 0.000367605 0.000243869 -0.000004884 0.999999903
1305031472.195682 -0.850271905 -0.250121330 0.323760206 0.000021592 0.000053991 0.000029908 0.999999998
1305031472.227626 -0.850483604 -0.252912415 0.322085756 -0.000659824 0.000258480 0.000031485 0.999999748
1305031472.263840 -0.850296368 -0.254649309 0.321915023 -0.000333785 -0.000046688 0.000130980 0.999999935
1305031472.295671 -0.848876284 -0.258945081 0.319666577 -0.000246607 -0.000215497 -0.000163228 0.999999933
1305031472.327678 -0.847091218 -0.264915132 0.316813631 -0.000470854 -0.000404869 0.000276418 0.999999769
1305031472.363577 -0.846233283 -0.267646759 0.315088659 -0.000550031 -0.000257852 -0.000141316 0.999999806
1305031472.395599 -0.846585743 -0.267650830 0.314722851 0.000230580 0.000242830 -0.000026792 0.999999944
1305031472.427686 -0.849098123 -0.269412873 0.313814898 0.000495937 0.000521038 -0.000256076 0.999999708
1305031472.463603 -0.850034586 -0.272513405 0.312255143 -0.000122681 0.000237931 -0.000000476 0.999999964
1305031472.495626 -0.849423749 -0.273982572 0.310923291 0.000101945 -0.000253825 0.000258204 0.999999929
1305031472.527625 -0.848423477 -0.274976997 0.310724582 0.000368641 -0.000330215 0.000260839 0.999999844
1305031472.563587 -0.847380376 -0.279555493 0.308748644 0.000219548 0.000150605 -0.000055055 0.999999963
1305031472.595675 -0.846272344 -0.287297369 0.305854047 -0.000831807 0.000446619 -0.000480341 0.999999439
1305031472.627701 -0.846345621 -0.291884175 0.305278090 -0.000491798 0.000292720 -0.000076887 0.999999833
1305031472.663575 -0.846780434 -0.293288946 0.304700017 0.000155313 0.000418143 -0.000232238 0.999999874
1305031472.695755 -0.847082362 -0.295734136 0.303586649 -0.000032823 0.000408531 -0.000175591 0.999999901
1305031472.727628 -0.847017012 -0.299207876 0.302950665 0.000174156 0.000295394 -0.000001191 0.999999941
1305031472.763578 -0.846084143 -0.303700284 0.302450174 -0.000257358 -0.000045494 0.000111360 0.999999960
1305031472.795640 -0.844241800 -0.308259095 0.302645924 -0.000411920 -0.000251557 0.000068342 0.999999881
1305031472.827627 -0.843178508 -0.311575851 0.302000305 -0.000069451 -0.000330762 0.000272985 0.999999906
1305031472.863598 -0.842592956 -0.315884654 0.302101001 -0.000358598 -0.000129476 -0.000059454 0.999999926
1305031472.895713 -0.842672663 -0.318416589 0.302390966 -0.000238146 0.000181086 -0.000191890 0.999999937
1305031472.927685 -0.843660598 -0.317863135 0.302839384 0.000083125 0.000712232 -0.000314274 0.999999694
1305031472.963756 -0.844561286 -0.317863420 0.303376674 0.000299671 0.000496153 -0.000156510 0.999999820
1305031472.995704 -0.844624915 -0.318136953 0.303973848 -0.000083094 0.000127550 -0.000286901 0.999999947
1305031473.027638 -0.845644080 -0.317596925 0.304433869 0.000199477 0.000438639 -0.000094153 0.999999879
1305031473.063684 -0.845901435 -0.316885251 0.305111777 0.000429939 0.000111017 -0.000238088 0.999999873
1305031473.095695 -0.845882953 -0.316524271 0.305242088 0.000231799 -0.000176404 0.000140407 0.999999948
1305031473.127744 -0.845116516 -0.317001781 0.305292612 -0.000191708 -0.000522680 0.000287499 0.999999804
1305031473.167060 -0.844642295 -0.317145167 0.304741143 0.000142417 -0.000330697 0.000364263 0.999999869
1305031473.196069 -0.844943128 -0.318514482 0.304312818 0.000012084 0.000150334 -0.000279075 0.999999950
