1305031453.391690 0.006365276 0.004569007 -0.006764871 0.000138774 0.000412858 -0.000422769 0.999999816
1305031453.423683 0.010466947 0.004384764 -0.014964051 0.000044695 0.000236015 -0.000270934 0.999999934
1305031453.459685 0.016862184 -0.001617249 -0.024412438 -0.000444914 0.000195659 -0.000237237 0.999999854
1305031453.491698 0.023734106 -0.007863582 -0.035805701 -0.000534283 0.000081793 -0.000362964 0.999999788
1305031453.523684 0.028331569 -0.018037883 -0.048771767 -0.000439883 -0.000155961 -0.000378059 0.999999820
1305031453.559753 0.035652428 -0.033182181 -0.062666890 -0.001800407 -0.001218309 -0.002615235 0.999994217
1305031453.591640 0.038498008 -0.046977212 -0.076523117 -0.000822745 -0.000407104 -0.000848061 0.999999219
1305031453.627706 0.039209973 -0.059542656 -0.091271188 -0.000579172 -0.000056154 -0.000139160 0.999999821
1305031453.659600 0.034888277 -0.071787426 -0.106433893 -0.000430827 -0.000121002 0.000230487 0.999999873
1305031453.691678 0.028918324 -0.080316950 -0.122560759 -0.000596523 0.000293063 0.000317543 0.999999729
1305031453.727652 0.021272141 -0.082626206 -0.138170561 -0.000237801 -0.000180271 0.000232280 0.999999928
1305031453.759694 0.009156064 -0.085389807 -0.154453452 -0.000216605 -0.000029520 0.000359714 0.999999911
1305031453.791716 -0.009634175 -0.085152022 -0.169706295 0.000395324 0.000976483 0.001703910 0.999997993
1305031453.827773 -0.025881717 -0.085646134 -0.183352338 -0.000892872 -0.000504383 -0.000753990 0.999999190
1305031453.859705 -0.047175942 -0.082816216 -0.194826569 -0.000233496 0.000406238 0.000129547 0.999999882
1305031453.891710 -0.087506348 -0.074507676 -0.203875088 0.000023166 0.001999363 0.001251851 0.999997217
1305031453.927723 -0.111616081 -0.060996146 -0.211148823 0.000447162 -0.000692760 -0.002285563 0.999997048
1305031453.959641 -0.144024973 -0.049541241 -0.217149398 0.000327371 -0.000853589 -0.001591634 0.999998315
1305031453.991624 -0.170402046 -0.040451762 -0.222553709 0.000511060 -0.000740688 -0.000715810 0.999999339
1305031454.027662 -0.190992263 -0.040944123 -0.227346481 0.000027313 -0.001675478 -0.000927226 0.999998166
1305031454.059654 -0.224723574 -0.038764257 -0.229091492 -0.000077527 0.000119560 0.000502131 0.999999864
1305031454.091651 -0.256916415 -0.037308970 -0.228809691 0.000163563 0.000205706 0.000819997 0.999999629
1305031454.127701 -0.288316662 -0.042313842 -0.227759768 -0.000060179 0.000537184 0.000737803 0.999999582
1305031454.159672 -0.328145215 -0.043148285 -0.225871288 -0.000489106 0.000384140 -0.000085119 0.999999803
1305031454.191658 -0.364417091 -0.037994332 -0.222242616 0.000343228 0.001017174 0.001138029 0.999998776
1305031454.227671 -0.407067107 -0.041095575 -0.220936983 -0.000034573 0.000648178 0.000636918 0.999999587
1305031454.259627 -0.434300057 -0.050359373 -0.214833187 -0.000220729 0.001109578 0.002651263 0.999995845
1305031454.291639 -0.454224446 -0.048588494 -0.210336964 -0.000265084 0.000073292 0.000542370 0.999999815
1305031454.327699 -0.472298740 -0.053049864 -0.205798421 -0.000052112 -0.000066607 0.000509307 0.999999867
1305031454.359636 -0.498262109 -0.063276488 -0.202247446 -0.000017206 0.000578177 0.001303015 0.999998984
1305031454.391677 -0.511088420 -0.065423703 -0.196707516 -0.000170582 -0.000095289 0.000898765 0.999999577
1305031454.427465 -0.533389620 -0.065689831 -0.194665250 0.000009866 0.000172268 0.000129728 0.999999977
1305031454.459913 -0.554626243 -0.068327253 -0.191112831 0.000077464 -0.000006951 0.000446094 0.999999897
1305031454.491617 -0.567922448 -0.062269902 -0.188186974 0.000047039 -0.000331155 0.001423304 0.999998931
1305031454.527700 -0.582447511 -0.056210879 -0.184795717 -0.000492917 -0.000088766 0.002060613 0.999997752
1305031454.559575 -0.597433345 -0.043876253 -0.183170756 0.000212194 -0.000154032 0.001159457 0.999999293
1305031454.591635 -0.610366404 -0.032630479 -0.179665217 0.000234844 -0.000285730 0.002477682 0.999996862
1305031454.627580 -0.634680325 -0.026624904 -0.175223504 0.000405367 0.000988845 0.000816427 0.999999096
1305031454.659528 -0.662619360 -0.013790911 -0.173775853 0.000726585 0.001006269 -0.000291605 0.999999187
1305031454.691884 -0.690196453 -0.002162764 -0.173564557 0.000918672 0.000738878 -0.000963108 0.999998841
1305031454.727659 -0.716453415 0.004607488 -0.173213274 0.000636462 0.000857937 -0.001922779 0.999997581
1305031454.759732 -0.725383603 0.012408600 -0.173555488 0.000517173 0.000931804 -0.001718974 0.999997955
1305031454.791641 -0.728943720 0.016965179 -0.174338578 0.000265424 0.000724454 -0.001466682 0.999998627
1305031454.827570 -0.730819799 0.025457509 -0.174686379 0.000165641 0.000638329 -0.001415627 0.999998781
1305031454.859620 -0.730293307 0.039903865 -0.176359705 0.000295033 0.000435292 -0.000993503 0.999999368
1305031454.891764 -0.725193342 0.052517907 -0.178479203 0.000204790 -0.000199223 -0.001060838 0.999999396
1305031454.927567 -0.721078429 0.064732969 -0.180057490 -0.000132260 -0.000356450 -0.000381569 0.999999855
1305031454.959648 -0.716181166 0.076200833 -0.180229481 0.000432089 -0.000039417 -0.000917176 0.999999485
1305031454.991937 -0.715377691 0.085031429 -0.181653018 0.000230176 0.000156704 -0.000448478 0.999999861
1305031455.027799 -0.715648985 0.090524875 -0.181559835 -0.000151573 -0.000026900 -0.000279291 0.999999949
1305031455.059636 -0.715154294 0.097190457 -0.181630834 -0.000151525 -0.000119464 -0.000009894 0.999999981
1305031455.091700 -0.712918954 0.098323476 -0.181072695 -0.000677492 -0.000926782 0.000934380 0.999998905
1305031455.127695 -0.711393344 0.102443660 -0.180481537 -0.000555307 -0.000646076 0.000827170 0.999999295
1305031455.159720 -0.711285430 0.109123023 -0.180112616 -0.000180818 -0.000137724 0.000104709 0.999999969
1305031455.191655 -0.712334495 0.115817448 -0.178695921 -0.000079015 0.000213828 -0.000600706 0.999999794
1305031455.227581 -0.713172052 0.117219854 -0.177679687 -0.000325561 0.000211209 -0.000646769 0.999999716
1305031455.259631 -0.714182330 0.122754896 -0.175245522 -0.000286153 0.000319460 -0.000602185 0.999999727
1305031455.291831 -0.714883861 0.136539116 -0.172444914 0.001391811 0.000770741 -0.001332712 0.999997846
1305031455.327766 -0.718229317 0.142435075 -0.169186717 0.000510101 0.001349447 -0.002185816 0.999996570
1305031455.359630 -0.724537206 0.158442335 -0.164842447 0.001536386 0.001658898 -0.001026934 0.999996916
1305031455.391665 -0.722813013 0.174427853 -0.160010328 0.001764486 0.000177034 -0.000739382 0.999998154
1305031455.427642 -0.721694666 0.184564906 -0.155421066 0.002533459 0.000599115 -0.002807801 0.999992669
1305031455.459589 -0.725643933 0.189786547 -0.154582723 0.001611245 0.001734218 -0.002000627 0.999995197
1305031455.491637 -0.727644144 0.192371563 -0.154406605 0.000608607 0.000879449 -0.001211797 0.999998694
1305031455.527610 -0.731603509 0.195103594 -0.155179219 0.001776351 0.001237112 -0.002781488 0.999993789
1305031455.559669 -0.743600637 0.191244929 -0.156683991 0.000536087 0.002033976 -0.002420199 0.999994859
1305031455.591645 -0.750718404 0.186532170 -0.160495740 0.000131837 0.001546863 -0.002867383 0.999994684
1305031455.627617 -0.754613603 0.185574693 -0.163275512 0.001222539 0.000795321 -0.002625727 0.999995489
1305031455.659615 -0.760512997 0.175239406 -0.166984222 0.000062643 0.000154045 -0.000452117 0.999999884
1305031455.691605 -0.767231889 0.165820557 -0.171399910 -0.000686637 -0.000781101 0.000736005 0.999999188
1305031455.727628 -0.766398671 0.160455885 -0.175489582 -0.000350942 -0.001818325 0.001949478 0.999996385
1305031455.759683 -0.761747096 0.156982359 -0.178592382 -0.000592151 -0.002486091 0.002700995 0.999993087
1305031455.791666 -0.759200441 0.147885030 -0.184731068 -0.000440944 -0.002699755 -0.000847561 0.999995899
1305031455.827590 -0.761047623 0.138036845 -0.192772712 -0.000264219 -0.001045917 0.000839271 0.999999066
1305031455.859526 -0.762816145 0.132918878 -0.199320443 0.000393929 -0.000835245 0.000472996 0.999999462
1305031455.891657 -0.762603088 0.129713624 -0.205322686 0.000610745 -0.000975304 0.000455052 0.999999234
1305031455.927955 -0.760541608 0.125701499 -0.210625051 0.000249724 -0.001173449 0.000317287 0.999999230
1305031455.959716 -0.758538523 0.120460065 -0.214497914 -0.000191334 -0.001371735 0.001015973 0.999998525
1305031455.991694 -0.754471081 0.121634978 -0.215317933 0.000398195 -0.001699548 0.001617746 0.999997168
1305031456.027770 -0.749123636 0.127772267 -0.213574440 0.000347882 -0.001841025 0.001900725 0.999996438
1305031456.059713 -0.743079000 0.142461694 -0.208873365 0.002215279 -0.002016606 0.001537126 0.999994332
1305031456.091707 -0.737643406 0.148687616 -0.207044223 0.001632393 -0.002115010 0.001378708 0.999995481
1305031456.127645 -0.733700768 0.150018479 -0.208921875 0.000675655 -0.001468395 0.000931939 0.999998259
1305031456.159731 -0.730568201 0.148483617 -0.211357681 0.000524816 -0.001302604 0.000810475 0.999998685
1305031456.191658 -0.723799749 0.136565296 -0.216116926 -0.000481385 -0.001368605 0.000869318 0.999998570
1305031456.227678 -0.715340894 0.127763205 -0.219052553 -0.001580203 -0.002496418 0.000356765 0.999995572
1305031456.291675 -0.705243115 0.129869348 -0.218394407 0.000951272 -0.003441839 0.001166385 0.999992944
1305031456.327718 -0.673527718 0.104589500 -0.217863467 -0.001639336 -0.004762606 -0.000106214 0.999987309
1305031456.391619 -0.664015947 0.095882167 -0.219058668 -0.001879457 -0.002405371 0.000300935 0.999995296
1305031456.427662 -0.643878684 0.083604250 -0.221675660 -0.001621683 -0.005310922 0.000768003 0.999984287
1305031456.491677 -0.642933188 0.082539176 -0.216264657 -0.001150113 -0.000678177 -0.000648550 0.999998898
1305031456.527641 -0.666748359 0.110204823 -0.196478842 0.003013164 0.002135663 -0.002023379 0.999991133
1305031456.591651 -0.673153183 0.115557359 -0.186614369 0.000993640 0.000432955 -0.000557773 0.999999257
1305031456.627612 -0.675067268 0.141741024 -0.161393184 0.001269271 -0.000339262 -0.000751693 0.999998854
1305031456.691612 -0.673977924 0.168610276 -0.146819858 0.005044574 -0.000768844 0.000319913 0.999986929
1305031456.727693 -0.686054971 0.175078075 -0.127016823 -0.001135187 0.002474229 -0.002921050 0.999992028
1305031456.791649 -0.704977358 0.187923505 -0.115607261 0.002917380 0.002175577 -0.001580056 0.999992130
1305031456.827603 -0.749856653 0.182637767 -0.095504227 -0.003381674 0.006580531 -0.005168250 0.999959274
1305031456.891672 -0.753418247 0.198561349 -0.082500750 0.002748493 0.000742802 -0.001139326 0.999995298
1305031456.927690 -0.754020232 0.200013055 -0.066666370 -0.000315489 -0.000526098 -0.000074996 0.999999809
1305031456.959667 -0.753115086 0.204704570 -0.057287057 -0.000809072 -0.000725305 -0.000088104 0.999999406
1305031456.991709 -0.751896732 0.224383040 -0.046285648 0.004293629 -0.001419365 0.000780479 0.999989470
1305031457.027648 -0.750917588 0.231203783 -0.039273548 0.001444370 -0.001099470 0.000034181 0.999998352
1305031457.091655 -0.750612421 0.240405028 -0.033615483 0.000632894 -0.000590053 0.000092259 0.999999621
1305031457.127632 -0.744244887 0.262192024 -0.023531085 0.007324999 -0.003342475 0.001102278 0.999966978
1305031457.191735 -0.742340766 0.259551494 -0.026619145 -0.000550843 -0.000827545 0.000258129 0.999999473
1305031457.227543 -0.736148135 0.261603015 -0.031227484 0.000980261 -0.003034828 0.000549723 0.999994763
1305031457.291656 -0.734063229 0.257600063 -0.038868824 0.000264757 -0.001279211 0.000581517 0.999998978
1305031457.327548 -0.725281420 0.231421621 -0.060067365 -0.006819206 -0.003822065 0.001524317 0.999968283
1305031457.391684 -0.715598736 0.228310704 -0.069402255 -0.000214774 -0.002819785 0.001531230 0.999994829
1305031457.427641 -0.705920347 0.203744693 -0.094078005 -0.005153563 -0.003366144 0.000645785 0.999980846
1305031457.491705 -0.708534624 0.200738377 -0.105536534 -0.000284153 -0.000051947 -0.000173292 0.999999943
1305031457.527638 -0.713577281 0.196616436 -0.118532151 0.000010717 -0.000058042 -0.000152427 0.999999987
1305031457.559685 -0.712666730 0.185263955 -0.132117219 -0.001403756 -0.000444390 -0.000162596 0.999998903
1305031457.591678 -0.708846598 0.172615716 -0.145197708 -0.002053661 -0.001405438 -0.000895659 0.999996503
1305031457.627526 -0.717101401 0.157575929 -0.167851999 -0.002048900 -0.000775308 0.000132905 0.999997592
1305031457.659632 -0.718421460 0.148119404 -0.177681406 -0.001597399 -0.000012848 -0.000641813 0.999998518
1305031457.691570 -0.722105933 0.155968875 -0.183028578 0.001820580 0.000213308 0.000168991 0.999998306
1305031457.727669 -0.723892535 0.156345246 -0.190792237 0.001701168 -0.000179662 0.000831810 0.999998191
1305031457.759556 -0.725316929 0.144280365 -0.201990456 -0.000906159 -0.000889767 0.000636390 0.999998991
1305031457.791567 -0.720292000 0.121205212 -0.215786549 -0.002059107 -0.001695756 -0.000023921 0.999996442
1305031457.827699 -0.711226474 0.091168889 -0.230664025 -0.004795587 -0.002537443 -0.000023864 0.999985281
1305031457.859623 -0.701360547 0.077800611 -0.240841045 -0.000884705 -0.001837418 0.000366344 0.999997853
1305031457.891593 -0.696721483 0.053185242 -0.251017420 -0.000619254 -0.001041905 0.000654381 0.999999051
1305031457.927633 -0.697649325 0.013877099 -0.265369578 -0.005281412 0.000214781 -0.001559982 0.999984813
1305031457.991644 -0.708260841 -0.009719117 -0.272105396 -0.002618756 0.000380196 -0.001166167 0.999995819
1305031458.027845 -0.715316029 -0.028655957 -0.277299919 -0.000997999 -0.000185859 -0.000487139 0.999999366
1305031458.059689 -0.714558437 -0.056963044 -0.287226318 -0.002671132 -0.000468594 0.000118329 0.999996316
1305031458.091690 -0.708403017 -0.082385329 -0.295866376 -0.004335625 -0.001243386 -0.001173267 0.999989140
1305031458.127605 -0.707531611 -0.084862339 -0.295218400 -0.000779885 -0.000565531 0.000379320 0.999999464
1305031458.159638 -0.706003864 -0.080553409 -0.293242683 0.000575748 -0.001009539 0.000676867 0.999999096
1305031458.191646 -0.710634198 -0.083688252 -0.292246303 -0.000379964 -0.000318703 0.000127299 0.999999869
1305031458.227611 -0.722066456 -0.080210310 -0.288956928 -0.000833693 0.000171440 -0.000636754 0.999999435
1305031458.259934 -0.738803916 -0.058379432 -0.281354321 0.001938436 0.000346817 0.000098690 0.999998056
1305031458.291664 -0.760392459 -0.052686106 -0.274810475 0.002457525 -0.000149227 0.000676892 0.999996740
1305031458.327628 -0.787347995 -0.077119205 -0.271565218 -0.002845995 0.000183776 -0.000356420 0.999995870
1305031458.359590 -0.814173334 -0.079801011 -0.268230091 -0.000575103 0.000736270 -0.000986780 0.999999077
1305031458.391626 -0.837889673 -0.095248056 -0.265887188 -0.000990237 0.001910751 -0.000846637 0.999997326
1305031458.427598 -0.858011902 -0.126844246 -0.266430468 -0.004266846 0.000706481 -0.001515338 0.999989499
1305031458.459637 -0.868207137 -0.146411519 -0.269746305 -0.003266810 0.002289561 -0.002072413 0.999989895
1305031458.491696 -0.865906206 -0.180360534 -0.263364478 -0.002743997 -0.000124276 -0.001758675 0.999994681
1305031458.527737 -0.858217736 -0.238647413 -0.264461790 -0.004583302 -0.000471943 -0.000488641 0.999989266
1305031458.559628 -0.855550178 -0.282828457 -0.267258129 -0.005745837 0.000075101 0.000282291 0.999983450
1305031458.591641 -0.847680655 -0.298156777 -0.256524801 -0.001351184 -0.000941339 0.001044133 0.999998099
1305031458.627659 -0.845060206 -0.313081746 -0.251925059 -0.001760091 -0.000841730 0.000714226 0.999997842
1305031458.659623 -0.852313298 -0.306007199 -0.236162244 -0.001053429 -0.000362750 0.000485634 0.999999261
1305031458.691674 -0.867589777 -0.278343918 -0.219424552 0.000576258 -0.000130188 0.000171047 0.999999811
1305031458.727650 -0.939020165 -0.241508200 -0.186880434 0.001720428 0.000287943 -0.000428449 0.999998387
1305031458.759945 -0.964374086 -0.243421777 -0.176225205 -0.000925386 0.001399040 0.000164911 0.999998580
1305031458.791632 -0.995253066 -0.230467898 -0.161730679 -0.000104814 0.000320057 0.000063035 0.999999941
1305031458.827564 -1.013087293 -0.209778100 -0.152976661 0.001070580 0.001178644 0.001033791 0.999998198
1305031458.891665 -1.021990995 -0.209884720 -0.147200770 0.000226266 0.000205909 0.000372930 0.999999884
1305031458.927621 -1.023494461 -0.218931530 -0.144284518 -0.001209161 -0.000353808 0.001010957 0.999998695
1305031458.959617 -1.014541972 -0.211484294 -0.140642732 -0.000310429 -0.000416758 0.000268101 0.999999829
1305031458.991647 -1.007559846 -0.195818831 -0.135031761 0.001081939 -0.000500965 -0.000792797 0.999998975
1305031459.027665 -1.007889579 -0.202611309 -0.134050333 0.000294070 -0.000158932 -0.000121158 0.999999937
1305031459.059631 -1.066756669 -0.257805418 -0.120620592 -0.002851812 0.001831454 -0.002957207 0.999989884
1305031459.127618 -1.123089537 -0.277570395 -0.116273363 -0.000635225 0.001594401 -0.001882063 0.999996756
1305031459.159639 -1.190535595 -0.294483862 -0.112582774 -0.001457296 0.001600352 -0.001018889 0.999997139
1305031459.191674 -1.259087413 -0.307534634 -0.111221173 -0.001607063 0.002363131 -0.001841490 0.999994221
1305031459.227607 -1.353951749 -0.300863253 -0.101776843 -0.001165609 0.002847399 -0.001993902 0.999993279
1305031459.259760 -1.357564266 -0.297612887 -0.097961249 -0.001004527 0.000223218 -0.000867192 0.999999095
1305031459.327632 -1.326071362 -0.295194188 -0.081066716 -0.000334111 -0.002013307 -0.000238409 0.999997889
1305031459.359651 -1.242449695 -0.310934905 -0.024844839 -0.001572893 -0.006628248 -0.002089198 0.999974613
1305031459.391667 -1.196015152 -0.299306441 -0.010195500 -0.000214965 -0.001118792 -0.000258486 0.999999318
1305031459.427646 -1.125995924 -0.287944599 0.007168874 0.000206136 -0.003623967 -0.003026552 0.999988832
1305031459.459679 -1.090503975 -0.281934797 0.010198293 0.000728021 0.001483730 -0.001454926 0.999997576
1305031459.527594 -1.048164047 -0.266631979 0.019544548 -0.000062324 -0.002389267 -0.002248401 0.999994616
1305031459.559647 -1.017942695 -0.248745326 0.026567955 0.000550354 -0.000547630 -0.001102283 0.999999091
1305031459.591695 -1.000669716 -0.235376047 0.025848098 0.001565055 0.000824971 -0.002240632 0.999995925
1305031459.627608 -0.995463672 -0.220172058 0.025954331 0.001963756 0.001539678 -0.001630562 0.999995557
1305031459.659641 -0.994012792 -0.207721041 0.023822842 0.000815322 -0.000017250 -0.000764879 0.999999375
1305031459.691604 -0.991015629 -0.202985079 0.022774699 -0.000558836 -0.000812044 0.000989563 0.999999025
1305031459.727551 -0.979681863 -0.188626697 0.025375653 0.002451566 -0.003792253 0.001710402 0.999988342
1305031459.791650 -0.979906081 -0.194218067 0.020771520 -0.000600031 -0.001627444 0.001973634 0.999996548
1305031459.827664 -0.981899211 -0.199298392 0.016918616 -0.000923548 -0.001417392 0.001091497 0.999997973
1305031459.859660 -0.991704413 -0.198445115 0.013706418 -0.000366582 -0.000617421 0.000759433 0.999999454
1305031459.891596 -1.002126937 -0.189735839 0.010853199 0.000510352 -0.000361443 0.000412626 0.999999719
1305031459.927607 -1.021607407 -0.179542422 0.006765173 0.002235238 0.000233750 -0.001189709 0.999996767
1305031459.991725 -1.033342877 -0.175905861 0.005022120 0.000219066 0.000029495 -0.000936622 0.999999537
1305031460.027565 -1.038796091 -0.170083400 0.003445188 0.001200264 -0.000107475 -0.000852629 0.999998910
1305031460.059659 -1.043881174 -0.169480874 0.000615610 0.000824600 -0.000153016 -0.000068912 0.999999646
1305031460.091717 -1.048741078 -0.173076087 -0.002153269 -0.000313525 -0.000626997 -0.000350388 0.999999693
1305031460.127690 -1.066853979 -0.170298711 -0.006210954 0.000714427 0.000741479 -0.001783216 0.999997880
1305031460.159678 -1.084873016 -0.174898493 -0.013795188 0.000011216 0.002133066 -0.002625674 0.999994278
1305031460.191559 -1.101787138 -0.178252954 -0.021045435 -0.000053664 0.002221547 -0.002057395 0.999995414
1305031460.227761 -1.116641709 -0.178534625 -0.020996302 0.000738002 0.000374977 -0.001761203 0.999998106
1305031460.291689 -1.116293125 -0.188226699 -0.019873922 -0.000138905 -0.000441178 0.000775752 0.999999592
1305031460.327512 -1.104717951 -0.208939813 -0.011997691 -0.000484362 -0.001485946 0.002340952 0.999996039
1305031460.391611 -1.098821122 -0.213925458 -0.007022830 -0.000118281 -0.000745224 0.001041810 0.999999173
1305031460.427477 -1.089532777 -0.216388194 -0.001281451 0.000465555 -0.001092750 0.001008239 0.999998786
1305031460.459620 -1.083728179 -0.221694832 0.002642491 0.000141313 -0.000622856 0.000656242 0.999999581
1305031460.491504 -1.068622909 -0.229781439 0.012215126 -0.000534159 -0.002174223 0.000711998 0.999997240
1305031460.527570 -1.055476901 -0.226872431 0.021846555 0.000510752 -0.002603487 0.001123697 0.999995849
1305031460.559647 -1.037022739 -0.225628372 0.030600394 0.001527129 -0.001815875 0.000110527 0.999997179
1305031460.591855 -1.026540263 -0.222982533 0.036106349 0.001349556 -0.003093036 0.000448838 0.999994205
1305031460.627625 -1.020236399 -0.226886352 0.039512259 0.000022880 -0.001286865 0.001219367 0.999998428
1305031460.659764 -1.013930475 -0.230686522 0.041917232 0.000031832 -0.002003463 0.000430046 0.999997900
1305031460.691671 -1.010468198 -0.233096473 0.042892164 0.000131066 -0.001525934 0.000726662 0.999998563
1305031460.727675 -1.006996994 -0.233358942 0.045040292 -0.000024108 -0.000956053 0.000587135 0.999999370
1305031460.759667 -1.003425646 -0.230828142 0.047389843 0.000698184 -0.001861246 0.000864688 0.999997650
1305031460.791660 -0.998780471 -0.229947370 0.048247411 0.000910813 -0.002392809 0.001290277 0.999995890
1305031460.827660 -0.996369858 -0.229741566 0.049656582 0.000172827 -0.001367079 0.001272982 0.999998240
1305031460.859714 -0.994397245 -0.227227693 0.052115486 0.000484832 -0.001356592 0.000987948 0.999998474
1305031460.891774 -0.991877238 -0.225483173 0.056086774 0.000632657 -0.001653265 0.001126401 0.999997799
1305031460.927562 -0.987346805 -0.222920455 0.065815250 0.001517903 -0.003251262 0.001732260 0.999992062
1305031460.991668 -0.986798593 -0.221476217 0.066794118 0.001353612 -0.000532819 0.000142584 0.999998932
1305031461.027620 -0.990988426 -0.239434844 0.071131296 -0.000334749 -0.000373038 0.000303361 0.999999828
1305031461.091728 -0.994696542 -0.245432536 0.071732110 -0.000575689 0.000146283 0.000108296 0.999999818
1305031461.127586 -0.996800884 -0.244370766 0.073649312 0.000288199 -0.000022673 0.000177433 0.999999942
1305031461.159720 -0.997940999 -0.247269025 0.074973597 0.000614843 -0.000660850 0.000681327 0.999999361
1305031461.192013 -1.000689718 -0.256725324 0.076121406 -0.000545946 -0.000272445 0.000180206 0.999999798
1305031461.227607 -1.006954506 -0.266731182 0.079485410 -0.001081410 -0.000387377 0.000265520 0.999999305
1305031461.259642 -1.007883765 -0.271867939 0.082187604 -0.000213983 -0.000222821 0.000325598 0.999999899
1305031461.291656 -1.011998269 -0.279985048 0.085014547 -0.000518084 -0.000310138 0.000465999 0.999999709
1305031461.327751 -1.013382825 -0.286686147 0.086820460 -0.000871214 -0.000601022 0.000513839 0.999999308
1305031461.359709 -1.013190906 -0.293089698 0.091456764 -0.001236905 -0.000680057 0.001029654 0.999998474
1305031461.391708 -1.010508010 -0.289987527 0.099330475 -0.000208986 -0.001157651 0.001560961 0.999998090
1305031461.427624 -1.010818813 -0.284863496 0.104744421 0.001102163 -0.000386905 0.000184137 0.999999301
1305031461.459781 -1.011503283 -0.287218302 0.109641117 0.000030109 -0.000350106 0.000404898 0.999999856
1305031461.491677 -1.011142704 -0.282305492 0.115278658 0.000576114 -0.000042738 0.000104793 0.999999828
1305031461.527705 -1.011335831 -0.286082018 0.118106988 0.000715306 0.000048478 -0.000069454 0.999999741
1305031461.559677 -1.012625674 -0.297460172 0.120700633 -0.001212546 0.000051853 0.000113621 0.999999257
1305031461.591690 -1.009831953 -0.301016732 0.122352701 -0.000091485 -0.000741822 0.000779171 0.999999417
1305031461.627541 -1.000381463 -0.310545469 0.127344463 -0.000896879 -0.001051465 0.000991672 0.999998553
1305031461.659622 -0.991141716 -0.311219352 0.131234160 -0.000129063 -0.000600958 0.000366384 0.999999744
1305031461.691563 -0.985845472 -0.311986918 0.135526788 0.000082243 -0.000343631 0.000354865 0.999999875
1305031461.727602 -0.983155779 -0.307713702 0.140236532 0.000103978 0.000729466 -0.000032024 0.999999728
1305031461.759684 -0.980052773 -0.301586681 0.143131894 0.000949257 0.000247562 -0.000347476 0.999999458
1305031461.791612 -0.975425115 -0.299496160 0.147833876 -0.000312724 0.000206363 -0.000172980 0.999999915
1305031461.827615 -0.969239948 -0.292150632 0.152636996 0.000545278 -0.000139590 -0.000069409 0.999999839
1305031461.859767 -0.963724793 -0.288666700 0.157419158 0.000010468 -0.000369344 -0.000603381 0.999999750
1305031461.891723 -0.960132437 -0.282022370 0.164472868 -0.000325982 0.000888614 -0.000309860 0.999999504
1305031461.927758 -0.951491771 -0.264692574 0.170861266 0.001068055 0.000698202 -0.001453433 0.999998130
1305031461.959703 -0.947266767 -0.248670121 0.177072116 0.001927101 -0.000116498 -0.001525762 0.999996972
1305031461.991590 -0.941730276 -0.240890212 0.183137772 0.000505922 -0.000155058 0.001189696 0.999999152
1305031462.027675 -0.933021073 -0.226421048 0.192571090 0.000427360 -0.000804351 -0.000023202 0.999999585
1305031462.059837 -0.929431452 -0.205486610 0.199880869 0.003000516 0.000403463 -0.001449418 0.999994367
1305031462.091777 -0.932934404 -0.188595409 0.206459692 0.002436391 0.002285981 -0.002656040 0.999990892
1305031462.127739 -0.932582873 -0.171075911 0.209886786 0.002180759 0.001818728 -0.001995112 0.999993978
1305031462.159646 -0.931508751 -0.155901281 0.214368190 0.002325880 0.001124427 -0.001354099 0.999995746
1305031462.191641 -0.930845404 -0.142918603 0.217690856 0.001797546 0.000350879 -0.000701270 0.999998077
1305031462.227633 -0.927685923 -0.133150762 0.221702068 0.000628844 -0.000860028 0.000425777 0.999999342
1305031462.259765 -0.924169009 -0.122984874 0.228185203 0.001060521 -0.001605768 0.000703921 0.999997901
1305031462.291629 -0.921796410 -0.113865847 0.235580278 0.001234650 -0.001697718 0.000658859 0.999997580
1305031462.327540 -0.920108834 -0.102751334 0.241481454 0.001295958 -0.001237921 0.000810598 0.999998065
1305031462.359732 -0.917485236 -0.093217723 0.248724738 0.001242722 -0.002048956 0.000885910 0.999996736
1305031462.391695 -0.915216984 -0.084928306 0.257498679 0.000560986 -0.002187975 0.001488252 0.999996342
1305031462.427635 -0.914518044 -0.072115235 0.267208562 0.002478423 -0.001545437 0.000516168 0.999995601
1305031462.459897 -0.914305398 -0.059879413 0.276294402 0.002647804 -0.001183534 0.000173225 0.999995779
1305031462.492008 -0.916399531 -0.046028994 0.283970601 0.002275965 -0.000839531 0.000202857 0.999997037
1305031462.527670 -0.915862081 -0.032958894 0.293416397 0.004471843 -0.000731215 -0.000262010 0.999989700
1305031462.559862 -0.917789471 -0.023971193 0.298686889 0.002325024 0.000513313 -0.000683681 0.999996932
1305031462.591862 -0.918330962 -0.018575823 0.302883422 0.001674436 -0.000310781 -0.000051549 0.999998549
1305031462.627851 -0.917364257 -0.017120008 0.304532685 0.000195506 -0.000967155 0.000649341 0.999999302
1305031462.659660 -0.915215143 -0.017142790 0.305279220 -0.000268583 -0.001787724 0.001302843 0.999997517
1305031462.692548 -0.913764433 -0.018978271 0.303353244 -0.000638492 -0.000886889 0.000645891 0.999999194
1305031462.727652 -0.912358944 -0.023794233 0.301634793 -0.002096254 -0.000394868 0.000343538 0.999997666
1305031462.759782 -0.912324556 -0.024602572 0.301165997 -0.000571284 -0.000009106 0.000136749 0.999999827
1305031462.791943 -0.912337437 -0.024840608 0.301087726 -0.000151870 -0.000018296 -0.000034740 0.999999988
1305031462.827816 -0.912444980 -0.025005970 0.300987524 -0.000183555 0.000113709 -0.000036980 0.999999976
1305031462.859782 -0.913521384 -0.023028921 0.301637559 0.000389005 0.000680220 0.000125896 0.999999685
1305031462.891847 -0.913557435 -0.021159520 0.302044858 0.000665294 0.000047589 -0.000149411 0.999999766
1305031462.927607 -0.912877982 -0.022313211 0.300389232 -0.000219875 -0.000153777 0.000082608 0.999999961
1305031462.959676 -0.912728312 -0.024028568 0.297696107 -0.000251238 0.000257960 -0.000114543 0.999999929
1305031462.995550 -0.913363411 -0.026292764 0.293542831 -0.000386100 0.000899621 -0.000110059 0.999999515
1305031463.027667 -0.913715636 -0.031695792 0.286085673 -0.000861140 0.001214697 -0.000182020 0.999998875
1305031463.059810 -0.913645713 -0.039484590 0.276825600 -0.002176442 0.001110036 0.000683945 0.999996782
1305031463.095809 -0.913499742 -0.046013882 0.270350742 -0.001962503 0.000473806 0.000434820 0.999997868
1305031463.127550 -0.912185589 -0.050105400 0.265174802 -0.000233406 -0.000027046 0.000155891 0.999999960
1305031463.159787 -0.910520118 -0.057352685 0.256506516 -0.001254679 0.000112149 0.000474152 0.999999094
1305031463.195657 -0.910144559 -0.065920326 0.249007681 -0.002491499 0.000426036 0.001079943 0.999996222
1305031463.227784 -0.908752333 -0.068388808 0.246354771 -0.000562103 -0.000440461 0.000705639 0.999999496
1305031463.260034 -0.907232978 -0.071326456 0.242422464 0.000330722 0.000141440 -0.000212674 0.999999913
1305031463.295737 -0.906574655 -0.080449796 0.235242447 -0.002341286 0.000669778 0.000383117 0.999996961
1305031463.327739 -0.905121407 -0.084300376 0.232184289 -0.001131656 0.000174983 0.000373788 0.999999275
1305031463.359750 -0.904634854 -0.085959147 0.229965518 0.000350022 0.000442490 -0.000410200 0.999999757
1305031463.395630 -0.905839764 -0.093888145 0.223705315 -0.001899463 0.001635467 -0.000274155 0.999996821
1305031463.427716 -0.907069316 -0.098280569 0.220393948 -0.001495597 0.001297597 -0.000120241 0.999998032
1305031463.459756 -0.907002182 -0.099980869 0.219706830 -0.000051580 0.000062596 -0.000313250 0.999999948
1305031463.495629 -0.905811534 -0.102259073 0.218186621 -0.000438387 0.000098463 -0.000117009 0.999999892
1305031463.527670 -0.902825642 -0.103722436 0.217835594 0.000459862 -0.000547039 0.000236652 0.999999717
1305031463.559751 -0.899268256 -0.108951627 0.214224123 -0.000317810 -0.000299806 0.000464602 0.999999797
1305031463.595600 -0.897079650 -0.115858854 0.210469633 -0.001369236 0.000364016 -0.000731011 0.999998729
1305031463.627588 -0.896816411 -0.117487325 0.207401206 0.000801354 0.000879509 -0.000398052 0.999999213
1305031463.659766 -0.895241654 -0.124278876 0.200035904 0.000375174 0.000513104 -0.000224517 0.999999773
1305031463.695640 -0.888889498 -0.146786749 0.193159994 -0.003808735 0.001331207 -0.000594914 0.999991684
1305031463.727588 -0.884314316 -0.154806322 0.186874816 -0.000654713 0.000141861 -0.000137068 0.999999766
1305031463.759674 -0.873413789 -0.162750010 0.181047687 0.001370469 -0.000928262 -0.000009021 0.999998630
1305031463.795647 -0.864583660 -0.182947353 0.170737396 -0.001677142 -0.000961524 -0.000248462 0.999998100
1305031463.827761 -0.853177624 -0.203276936 0.164170829 -0.001747742 -0.000590877 0.000583214 0.999998128
1305031463.859910 -0.844100444 -0.215951438 0.156566166 0.000497134 -0.001495459 0.001440332 0.999997721
1305031463.895648 -0.832021998 -0.234523871 0.147527944 -0.000479642 -0.000953027 0.001152891 0.999998766
1305031463.927664 -0.822458421 -0.253893296 0.138576139 -0.001386532 -0.000207465 0.000710417 0.999998765
1305031463.959680 -0.816314024 -0.267545676 0.129668710 -0.000021659 0.000204870 0.000327999 0.999999925
1305031463.995821 -0.813048310 -0.285823841 0.120046104 -0.000246737 0.000408871 -0.000052332 0.999999885
1305031464.027703 -0.808989776 -0.307996573 0.109831774 -0.001427337 0.000097305 0.000406336 0.999998894
1305031464.059652 -0.804592078 -0.323831977 0.100158194 -0.000636593 -0.000288218 0.000623195 0.999999562
1305031464.095634 -0.795570245 -0.340537176 0.090169989 0.000169364 -0.001210430 0.001064673 0.999998686
1305031464.127681 -0.786207602 -0.361589770 0.079000072 -0.001039239 -0.000524294 0.000606863 0.999999138
1305031464.159817 -0.784191140 -0.379160028 0.066520062 -0.000878017 0.000802445 0.000550575 0.999999141
1305031464.195585 -0.787900612 -0.403391999 0.053157452 -0.001089467 0.001229812 -0.001322793 0.999997775
1305031464.227624 -0.801653336 -0.439258544 0.039401313 -0.002980057 0.002132466 -0.001583083 0.999992033
1305031464.259644 -0.820819017 -0.467629789 0.025940627 -0.002835225 0.003588904 -0.001772905 0.999987969
1305031464.295667 -0.847028582 -0.485486044 0.013210411 -0.001853492 0.003612166 -0.001345241 0.999990854
1305031464.327866 -0.875549759 -0.492284704 0.002706862 0.000924484 0.001966758 -0.002390999 0.999994780
1305031464.359684 -0.893065675 -0.501110259 -0.008489915 0.000255253 0.002137846 -0.000370852 0.999997613
1305031464.395611 -0.905089141 -0.524709699 -0.013879255 -0.001114627 0.000080004 -0.000892270 0.999998978
1305031464.427634 -0.906287358 -0.545813738 -0.024624938 -0.001509220 0.000204752 0.000613043 0.999998652
1305031464.459689 -0.900821108 -0.560160679 -0.033043139 -0.000819061 -0.000746339 0.001640619 0.999998040
1305031464.495633 -0.900140325 -0.576897059 -0.043747818 -0.000409975 0.000253096 0.000552853 0.999999731
1305031464.527574 -0.897416368 -0.594069822 -0.055035122 -0.000887208 0.001018756 0.001043077 0.999998543
1305031464.559703 -0.889631681 -0.607009093 -0.064945401 -0.000666947 -0.000737787 0.001303115 0.999998656
1305031464.595698 -0.882529631 -0.614106049 -0.073549844 0.000556056 -0.001478509 0.001682247 0.999997337
1305031464.627672 -0.859483515 -0.641871746 -0.084806801 -0.000973283 -0.001440365 0.002541902 0.999995258
1305031464.659749 -0.826403964 -0.691889473 -0.092734651 -0.003086187 -0.001368484 0.001825126 0.999992636
1305031464.695663 -0.801052549 -0.732408971 -0.105670810 -0.001500674 -0.001341402 0.002275225 0.999995386
1305031464.727652 -0.767429801 -0.801886464 -0.099250984 -0.001207505 -0.002010602 0.001439016 0.999996214
1305031464.759740 -0.749022326 -0.874939522 -0.094065611 -0.002301169 -0.001079769 0.001677365 0.999995363
1305031464.796021 -0.744365748 -0.923457394 -0.087836389 -0.001494823 -0.000798266 0.001684584 0.999997145
1305031464.827759 -0.747766761 -0.956439266 -0.084582293 -0.000304791 -0.000459752 0.001181290 0.999999150
1305031464.859654 -0.788082015 -1.001294654 -0.083078330 -0.000873785 0.000581188 0.000520641 0.999999314
1305031464.895817 -0.806654495 -1.013490525 -0.072241103 -0.000035724 -0.000182382 -0.000095409 0.999999978
1305031464.927799 -0.823660459 -1.003521496 -0.064193234 0.000621988 0.000618494 0.002520634 0.999996438
1305031464.959763 -0.837324196 -0.999041823 -0.060429138 0.001098815 0.000834162 0.003641221 0.999992419
1305031464.995687 -0.838211485 -1.012874956 -0.057998471 -0.000236723 0.000105499 0.002091920 0.999997778
1305031465.027823 -0.829720204 -1.030433146 -0.053160257 -0.000944653 -0.001092944 0.003771151 0.999991846
1305031465.059749 -0.828155374 -1.031982709 -0.049759470 0.000481062 -0.000290082 0.004553392 0.999989475
1305031465.095700 -0.842344975 -1.035896482 -0.041790950 -0.001354524 0.000518803 0.001744303 0.999997427
1305031465.127664 -0.875915194 -0.994212881 -0.027785984 0.000517035 0.000725200 0.001439031 0.999998568
1305031465.159842 -0.918825319 -0.930989381 -0.013476003 0.002196960 0.001175607 0.000983639 0.999996412
1305031465.195564 -0.954016679 -0.874922270 0.001300324 0.002588957 0.000485128 0.000241077 0.999996502
1305031465.227907 -0.981999652 -0.832987737 0.017649606 0.001726708 0.000823055 0.000052925 0.999998169
1305031465.259807 -1.006092768 -0.789365418 0.034694512 0.001749666 0.000782015 -0.000297885 0.999998119
1305031465.295623 -1.028918111 -0.757060985 0.049091808 0.001063096 0.001869587 0.000488785 0.999997568
1305031465.327674 -1.050998204 -0.734914008 0.061394000 0.000571159 0.002475023 -0.002518092 0.999993604
1305031465.359948 -1.075232624 -0.711309175 0.073069793 0.001225531 0.003362050 -0.002922104 0.999989328
1305031465.395586 -1.104117978 -0.701260770 0.077485880 0.000988487 0.002329679 -0.002170122 0.999994443
1305031465.427697 -1.137081556 -0.699367843 0.078059498 0.000565212 0.005009103 -0.003099734 0.999982490
1305031465.460125 -1.153264285 -0.702350548 0.075830233 -0.000711711 0.004952047 -0.004386762 0.999977863
1305031465.495703 -1.163804634 -0.701184537 0.076008976 -0.000192529 0.002147744 -0.002559883 0.999994399
1305031465.527622 -1.175138190 -0.686271309 0.076976998 0.000765452 0.002759150 -0.002744538 0.999992134
1305031465.559812 -1.185525490 -0.680296413 0.076364585 0.001754846 0.003433182 -0.002986417 0.999988107
1305031465.595599 -1.188997758 -0.689246957 0.070941390 -0.000828745 0.001258537 -0.001091475 0.999998269
1305031465.627688 -1.183686593 -0.694312586 0.066269025 -0.000541676 0.000725184 -0.000882934 0.999999201
1305031465.660060 -1.183946369 -0.696825343 0.062000335 0.000004231 0.001129028 -0.001831751 0.999997685
1305031465.695668 -1.190013895 -0.706148028 0.056434738 -0.000914226 0.001348950 -0.001696368 0.999997233
1305031465.727682 -1.189703006 -0.709489717 0.051932017 0.000365372 0.000402642 -0.000230399 0.999999826
1305031465.759766 -1.184592088 -0.716027664 0.046866664 -0.000250315 0.000415446 -0.001058740 0.999999322
1305031465.795937 -1.182248628 -0.721724652 0.042149898 -0.000557533 0.000482708 -0.001401878 0.999998745
1305031465.827996 -1.173632712 -0.722711373 0.038653360 0.000295260 0.000147692 -0.000765203 0.999999653
1305031465.859861 -1.166556105 -0.735227595 0.033375594 -0.000610647 -0.000246457 -0.000353294 0.999999721
1305031465.895494 -1.150693873 -0.742893108 0.029410433 -0.000938442 -0.000522464 0.000151678 0.999999412
1305031465.927495 -1.118620136 -0.737077718 0.026830387 -0.000321082 -0.000452840 -0.000495403 0.999999723
1305031465.959710 -1.080956695 -0.744143242 0.025024284 -0.000466011 -0.001175464 -0.000037208 0.999999200
1305031465.995753 -1.046249461 -0.754077390 0.024703404 -0.000925928 -0.000779190 0.000149378 0.999999257
1305031466.027644 -1.021311565 -0.752138956 0.020655643 -0.000333319 -0.000730862 0.000603940 0.999999495
1305031466.059757 -1.004917965 -0.746133137 0.017582873 -0.000246421 -0.000177599 0.000240953 0.999999925
1305031466.095840 -0.985522594 -0.724684692 0.013198725 0.000381044 -0.000253578 -0.000316552 0.999999845
1305031466.127640 -0.977463410 -0.702683644 0.008522148 0.000632440 0.000234965 -0.000485710 0.999999654
1305031466.160428 -0.976425528 -0.681036748 0.003958992 0.000944580 0.000484575 -0.000958974 0.999998977
1305031466.195833 -0.976702877 -0.661482976 -0.003054944 0.001027957 0.000476560 -0.001276024 0.999998544
1305031466.227951 -0.979647230 -0.639174258 -0.008764434 0.000920215 0.000433761 -0.001791715 0.999997877
1305031466.259815 -0.980437509 -0.612495854 -0.016527069 0.001874326 0.000460839 -0.001706453 0.999996681
1305031466.295737 -0.970534284 -0.609374546 -0.024244710 0.000062132 -0.000916214 0.000958012 0.999999119
1305031466.327702 -0.961081002 -0.613449040 -0.025487846 -0.001859268 -0.002698714 0.004161350 0.999985972
1305031466.359829 -0.932638633 -0.606284849 -0.033798213 -0.000503338 -0.002538711 0.002431212 0.999993695
1305031466.395784 -0.910675776 -0.592772343 -0.041639433 0.000887268 -0.002211839 0.000994749 0.999996665
1305031466.427819 -0.898465101 -0.595901918 -0.050959772 0.000684114 -0.001436577 0.000315119 0.999998684
1305031466.459790 -0.893246738 -0.603320132 -0.061124647 -0.000685607 -0.000670198 0.000702863 0.999999293
1305031466.495809 -0.892009852 -0.593576200 -0.069616814 0.000352877 0.000067511 -0.000255296 0.999999903
1305031466.527538 -0.887481261 -0.578526781 -0.076749422 0.001169186 0.000663706 -0.000285239 0.999999056
1305031466.560353 -0.862968413 -0.571857407 -0.081798983 0.000277032 -0.000256983 -0.000068854 0.999999926
1305031466.595936 -0.841854695 -0.556305597 -0.087809095 0.000179315 -0.000517272 0.000360606 0.999999785
1305031466.627549 -0.827301175 -0.527507435 -0.091462292 0.001151422 -0.000051438 0.000082863 0.999999332
1305031466.659688 -0.817161388 -0.520720147 -0.092403845 0.001210954 -0.000848777 0.000376507 0.999998836
1305031466.695822 -0.799976661 -0.529479682 -0.098928986 -0.000977252 -0.000744735 0.001247004 0.999998468
1305031466.728074 -0.794065655 -0.518864790 -0.101431413 -0.000017796 -0.000046077 0.000683346 0.999999765
1305031466.759637 -0.783017530 -0.502055310 -0.104191495 0.001140576 -0.000497144 0.001002044 0.999998724
1305031466.795604 -0.775786428 -0.511012400 -0.109458229 -0.000187040 -0.000622513 0.001768341 0.999998225
1305031466.827879 -0.772081108 -0.517800869 -0.114416364 -0.001127714 -0.000177958 0.000856405 0.999998982
1305031466.859665 -0.772616531 -0.504743936 -0.117425334 0.000615354 0.000606695 -0.000289031 0.999999585
1305031466.895694 -0.776763235 -0.502584222 -0.121828434 0.000716531 0.000853629 -0.000626761 0.999999183
1305031466.927756 -0.787838614 -0.509539300 -0.127909980 -0.000214265 0.001078322 -0.000752975 0.999999112
1305031466.959728 -0.804879858 -0.508304329 -0.135665168 0.000465060 0.000815897 -0.001061970 0.999998995
1305031466.995712 -0.812710654 -0.509641010 -0.141348746 0.000552578 0.001404279 -0.000268730 0.999998825
1305031467.027843 -0.812371330 -0.510908053 -0.144330024 0.000005975 0.000256692 0.000024398 0.999999967
1305031467.059700 -0.811733894 -0.511409703 -0.146761244 0.000044458 0.000092095 0.000225030 0.999999969
1305031467.095687 -0.811142263 -0.510721117 -0.147928477 0.000023152 0.000030948 0.000022487 0.999999999
1305031467.128974 -0.804856972 -0.504741501 -0.149155443 0.000139374 -0.000175805 0.000529080 0.999999835
1305031467.159660 -0.801721192 -0.504587739 -0.152329202 0.000070406 -0.000641260 0.001373627 0.999998848
1305031467.195663 -0.800017085 -0.506838044 -0.155021513 -0.000011422 -0.000169976 0.000876713 0.999999601
1305031467.227704 -0.800656290 -0.509211767 -0.156829437 0.000092818 0.000099229 0.000413284 0.999999905
1305031467.259694 -0.801245054 -0.512532587 -0.159248539 -0.000152423 -0.000016231 0.000119933 0.999999981
1305031467.295846 -0.802727020 -0.516272069 -0.162920674 0.000135073 0.000224105 0.000618985 0.999999774
1305031467.328008 -0.803686965 -0.522183142 -0.165828843 -0.000471955 -0.000642376 0.000065611 0.999999680
1305031467.359654 -0.808230894 -0.522670668 -0.167787157 0.000068076 0.000153300 0.000111578 0.999999980
1305031467.395756 -0.812035667 -0.512670040 -0.170384493 -0.000030329 -0.000096037 -0.000627563 0.999999798
1305031467.427783 -0.815983587 -0.499446895 -0.173428984 0.000532762 0.000309902 0.000147297 0.999999799
1305031467.459692 -0.820868905 -0.498032223 -0.176659846 0.000276541 0.000336061 -0.000130870 0.999999897
1305031467.496058 -0.827376614 -0.498918617 -0.179455757 -0.000210024 0.000534979 -0.000116554 0.999999828
1305031467.527663 -0.831381379 -0.482907120 -0.182543239 0.000224433 0.000140997 0.000094429 0.999999960
1305031467.559763 -0.830350943 -0.472437473 -0.183623579 0.000142952 -0.000082517 0.000329264 0.999999932
1305031467.595989 -0.829152283 -0.475341578 -0.184166019 -0.000061383 -0.000080262 0.000160185 0.999999982
1305031467.627532 -0.829038786 -0.478407138 -0.184521392 0.000078491 0.000120596 -0.000413364 0.999999904
1305031467.659626 -0.831610770 -0.491550116 -0.192037710 0.000073522 0.000171378 -0.001043792 0.999999438
1305031467.695886 -0.834684541 -0.510455186 -0.198817390 0.000099434 0.000105531 -0.000678745 0.999999759
1305031467.727535 -0.834964629 -0.519470525 -0.198419233 -0.000283387 0.000003971 0.000380138 0.999999888
1305031467.759907 -0.834028641 -0.534774889 -0.197118786 -0.000280774 -0.000116370 0.000450090 0.999999853
1305031467.796075 -0.833435167 -0.553930139 -0.195505861 -0.000436377 -0.000050530 0.000354897 0.999999841
1305031467.827800 -0.833580039 -0.565946431 -0.193982176 -0.000253809 0.000081342 0.000087398 0.999999961
1305031467.859729 -0.834035663 -0.586024157 -0.191440641 -0.000323731 0.000104230 -0.000120379 0.999999935
1305031467.895947 -0.839996347 -0.610596329 -0.188145395 -0.000485809 0.000447402 -0.000210146 0.999999760
1305031467.927754 -0.851747042 -0.622281167 -0.186557872 0.000062469 0.000429997 -0.001247217 0.999999128
1305031467.959826 -0.863321907 -0.636480792 -0.184181823 -0.000164912 0.000277915 -0.000104924 0.999999942
1305031467.995754 -0.870780212 -0.654021060 -0.181598926 -0.000279788 0.000893239 0.000527260 0.999999423
1305031468.028107 -0.872244211 -0.653060626 -0.178132860 -0.000242206 0.000422260 -0.000068652 0.999999879
1305031468.059850 -0.872615999 -0.653693394 -0.175052736 0.000022103 0.000346162 0.000183251 0.999999923
1305031468.095867 -0.874387613 -0.667147824 -0.170361716 -0.000328325 0.000228257 0.000094677 0.999999916
1305031468.127816 -0.876177509 -0.667891655 -0.167547271 -0.000102118 0.000441050 -0.000132327 0.999999889
1305031468.159864 -0.877432391 -0.667910349 -0.165737789 0.000093215 0.000292472 -0.000023415 0.999999953
1305031468.195985 -0.878540226 -0.669753236 -0.163787235 0.000045369 0.000161930 0.000197410 0.999999966
1305031468.228158 -0.878733532 -0.669998160 -0.160059153 -0.000168850 0.000784113 0.000469117 0.999999568
1305031468.259754 -0.878189438 -0.668775282 -0.158843350 0.000400703 0.000386229 -0.000207076 0.999999824
1305031468.295830 -0.872495030 -0.671631024 -0.156909557 0.000089453 0.000235740 -0.000380007 0.999999896
1305031468.327847 -0.865740282 -0.677064571 -0.154033638 -0.000040448 0.000109938 -0.000036316 0.999999992
1305031468.359787 -0.848907187 -0.692559280 -0.150093980 0.000094512 0.000193406 -0.000048592 0.999999976
1305031468.395860 -0.842357661 -0.701636675 -0.147864853 0.000060757 0.000382759 -0.000436605 0.999999830
1305031468.428025 -0.836696861 -0.700909913 -0.146251008 0.000098067 0.000208226 -0.000274859 0.999999936
1305031468.459759 -0.837529041 -0.706060514 -0.145161355 0.000182388 0.000360979 -0.000222762 0.999999893
1305031468.495809 -0.837666930 -0.713011449 -0.143856037 0.000197698 0.000240720 -0.000333802 0.999999896
1305031468.527756 -0.836107105 -0.713150637 -0.142937227 0.000506230 -0.000160686 0.000774232 0.999999559
1305031468.559739 -0.832330002 -0.727629057 -0.140364983 0.000010430 -0.000039440 0.001005443 0.999999494
1305031468.595768 -0.832159207 -0.747494460 -0.138555043 -0.000040596 -0.000337042 0.000975611 0.999999466
1305031468.627626 -0.832644819 -0.753066962 -0.137495247 -0.000108699 0.000045669 0.000212585 0.999999970
1305031468.659579 -0.833735739 -0.752951789 -0.136439775 0.000408716 0.000162404 -0.000137048 0.999999894
1305031468.695835 -0.841091055 -0.770973655 -0.135143353 0.000093183 0.000396761 0.000157071 0.999999905
1305031468.727785 -0.850002841 -0.798369105 -0.131606279 -0.000319249 0.000180833 -0.000038307 0.999999932
1305031468.759628 -0.860765841 -0.821134704 -0.128415152 -0.000290667 0.000244035 -0.000128645 0.999999920
1305031468.795796 -0.868601798 -0.837632997 -0.126992372 -0.000049973 0.000128216 0.000128648 0.999999982
1305031468.829247 -0.871846654 -0.861202259 -0.123827547 -0.000107442 -0.000080656 0.000420902 0.999999902
1305031468.859659 -0.880144509 -0.883439698 -0.120345683 -0.000328562 0.000026981 0.000651779 0.999999733
1305031468.895873 -0.879346753 -0.883853961 -0.118881535 0.000083409 -0.000030583 0.000348423 0.999999935
1305031468.928141 -0.871497057 -0.881740319 -0.117261510 -0.000231242 -0.000218861 0.000638016 0.999999746
1305031468.959594 -0.864021033 -0.875911772 -0.116360446 -0.000098899 0.000039275 -0.000043265 0.999999993
1305031468.995711 -0.857953553 -0.862239454 -0.112793057 -0.000368503 0.000097172 -0.000383074 0.999999854
1305031469.027699 -0.857424760 -0.822396767 -0.110684939 0.000076099 -0.000080506 0.000324592 0.999999941
1305031469.059832 -0.856010067 -0.787579036 -0.108781875 0.000291687 -0.000636612 0.001297341 0.999998913
1305031469.095723 -0.858201509 -0.766367663 -0.104016874 -0.000056133 -0.000124455 0.000373423 0.999999921
1305031469.127679 -0.858331402 -0.739942836 -0.096683864 -0.000236920 -0.000016433 0.000959641 0.999999511
1305031469.159703 -0.856877456 -0.713614346 -0.090850129 0.000578980 0.000161753 0.000539129 0.999999674
1305031469.195540 -0.843024151 -0.693145926 -0.082785497 0.000282668 -0.000434503 0.000703237 0.999999618
1305031469.227754 -0.830965716 -0.671023006 -0.075130471 0.001497793 -0.000711262 0.000752232 0.999998342
1305031469.259586 -0.830090893 -0.661406142 -0.066536552 0.000088260 -0.000020827 0.000448802 0.999999895
1305031469.296754 -0.828304327 -0.648789970 -0.056229323 0.000554656 -0.000181693 0.000597706 0.999999651
1305031469.327618 -0.824846336 -0.635236617 -0.044312832 0.000899544 -0.000136817 0.000481835 0.999999470
1305031469.359592 -0.825286891 -0.616307593 -0.031419419 0.001320991 -0.000212360 0.000612568 0.999998917
1305031469.395695 -0.814874457 -0.597862737 -0.019564447 0.001521429 -0.001124249 0.001073957 0.999997634
1305031469.427651 -0.806915811 -0.586353635 -0.010237189 0.001510521 -0.002931382 0.001544936 0.999993369
1305031469.459668 -0.797427324 -0.574527329 0.000210572 0.001093417 -0.002343249 0.001411940 0.999995660
1305031469.495744 -0.793895275 -0.560785128 0.010998964 0.001441310 -0.001356645 0.001552031 0.999996837
1305031469.527622 -0.796357629 -0.552321348 0.023592541 -0.000173081 -0.000121955 0.000486110 0.999999859
1305031469.559645 -0.803750549 -0.538102422 0.037162455 0.000644839 0.000421506 -0.000060153 0.999999701
1305031469.595755 -0.811379982 -0.520019779 0.051516040 0.000693792 0.000489590 -0.000164533 0.999999626
1305031469.627752 -0.818846170 -0.499330458 0.067242256 0.000536702 0.000591087 -0.000203138 0.999999661
1305031469.659590 -0.823426552 -0.478050070 0.082604532 0.000708435 0.000102920 -0.000053638 0.999999742
1305031469.695613 -0.825734634 -0.462769475 0.097112199 0.000449222 -0.000274803 -0.000261556 0.999999827
1305031469.727679 -0.829476817 -0.447177794 0.113049434 0.000409395 -0.000092194 0.000057612 0.999999910
1305031469.759599 -0.833403468 -0.432479214 0.129668335 0.000290416 -0.000136929 -0.000450604 0.999999847
1305031469.795621 -0.838572611 -0.416116943 0.146311961 -0.000028567 0.000074012 -0.000514061 0.999999865
1305031469.827526 -0.846645872 -0.399882455 0.162374738 0.000746094 0.000769048 -0.000133369 0.999999417
1305031469.859574 -0.856580479 -0.386800561 0.179254366 -0.000068915 0.000934980 -0.000522719 0.999999424
1305031469.895755 -0.869874649 -0.368226014 0.192881505 0.000724947 0.000885954 -0.000016322 0.999999345
1305031469.927854 -0.880703182 -0.353848376 0.206486620 0.000483902 0.000489248 -0.000219133 0.999999739
1305031469.959805 -0.888446485 -0.344098165 0.220463174 0.000218304 0.000699944 -0.000385968 0.999999657
1305031469.995551 -0.896192838 -0.335152660 0.232319274 0.000068153 0.000591522 -0.000071659 0.999999820
1305031470.027694 -0.903700260 -0.327267030 0.244371530 -0.000013037 0.000666451 -0.000220316 0.999999754
1305031470.059638 -0.910531250 -0.318434465 0.255771886 0.000211594 0.000299211 0.000026924 0.999999932
1305031470.095944 -0.916351288 -0.311551497 0.265787223 -0.000066692 0.000365526 0.000229021 0.999999905
1305031470.127633 -0.920547653 -0.304956091 0.275824124 0.000244767 0.000416260 -0.000153841 0.999999872
1305031470.159626 -0.926363164 -0.295358275 0.285485638 0.000749024 0.000643522 0.000096160 0.999999508
1305031470.196092 -0.931844491 -0.287796573 0.293766637 0.000554469 0.000744114 0.000610070 0.999999383
1305031470.227618 -0.943190826 -0.281049176 0.299504006 0.000136856 0.000523539 -0.000132692 0.999999845
1305031470.259965 -0.951151001 -0.272795942 0.306709158 0.000122387 0.000507938 -0.000114920 0.999999857
1305031470.295718 -0.955907095 -0.264908753 0.315010756 0.000401912 0.000554801 0.000048082 0.999999764
1305031470.327644 -0.962056607 -0.256814490 0.323370350 0.000213601 0.000704201 0.000050201 0.999999728
1305031470.359624 -0.969739080 -0.247624099 0.330530358 0.000621984 0.000988124 0.000270817 0.999999282
1305031470.395823 -0.978532814 -0.239520047 0.335589316 0.000786093 0.000881631 0.000083349 0.999999299
1305031470.427641 -0.982470064 -0.235271362 0.341219594 0.000108476 0.000440407 0.000018363 0.999999897
1305031470.459721 -0.985887555 -0.231590060 0.344764515 0.000458269 0.000215908 0.000190889 0.999999853
1305031470.495686 -0.988579016 -0.230358554 0.347616614 0.000061649 -0.000217932 -0.000177321 0.999999959
1305031470.527689 -0.991747222 -0.229842980 0.349512950 -0.001287024 0.001320342 0.000680463 0.999998069
1305031470.559677 -0.993692173 -0.228765065 0.352699900 -0.000352464 0.000215532 0.000109161 0.999999909
1305031470.595760 -0.995725305 -0.226893624 0.356272687 -0.000026741 0.000142476 0.000119196 0.999999982
1305031470.627729 -0.998527110 -0.225272177 0.359742541 0.000051517 0.000213990 -0.000073181 0.999999973
1305031470.659690 -1.000567794 -0.222801131 0.363521758 0.000183432 0.000302071 -0.000171725 0.999999923
1305031470.695630 -1.002837042 -0.220629762 0.367015976 0.000137891 0.000378673 -0.000171150 0.999999904
1305031470.727654 -1.004984580 -0.218052237 0.370565026 0.000427591 0.000511149 0.000059278 0.999999776
1305031470.759682 -1.005322435 -0.217093208 0.371866588 -0.000008812 -0.000066358 -0.000033098 0.999999997
1305031470.795615 -1.005933509 -0.215990214 0.374833206 -0.000129027 0.000066172 0.000310163 0.999999941
1305031470.827831 -1.005939805 -0.214078580 0.376314479 0.000885462 -0.000311289 0.000581274 0.999999391
1305031470.859645 -1.005800679 -0.216191124 0.374991501 -0.000527340 0.000162007 -0.001416765 0.999998844
1305031470.895722 -1.006211814 -0.219279271 0.372545728 -0.000831440 0.000311305 0.000070564 0.999999603
1305031470.927684 -1.007854203 -0.222414263 0.370613785 -0.000277495 0.000270888 -0.000362043 0.999999859
1305031470.959647 -1.010007026 -0.226730187 0.366332801 -0.000193312 0.000494325 -0.000100085 0.999999854
1305031470.995996 -1.009805680 -0.233769150 0.359983885 -0.000960864 -0.000032971 -0.000208488 0.999999516
1305031471.027644 -1.010329781 -0.242066787 0.355626315 -0.001103620 -0.000392614 -0.000057293 0.999999312
1305031471.059636 -1.008111439 -0.250788176 0.350398976 -0.001010968 -0.000734291 0.000040142 0.999999219
1305031471.095777 -1.006818613 -0.263268864 0.346679187 -0.001739254 -0.000798514 -0.000737394 0.999997897
1305031471.127663 -1.009149440 -0.273838651 0.343141660 -0.001385497 0.000585839 -0.000545391 0.999998720
1305031471.159649 -1.010147070 -0.280328604 0.337676865 -0.001010453 0.000931015 -0.000541914 0.999998909
1305031471.195703 -1.010629216 -0.286199486 0.333983145 -0.001056808 0.000507351 -0.000296292 0.999999269
1305031471.227569 -1.010495230 -0.289361325 0.332755528 -0.000562526 -0.000051944 -0.000233798 0.999999813
1305031471.259722 -1.010406859 -0.289592019 0.332226273 0.000058064 -0.000017052 -0.000030580 0.999999998
1305031471.296068 -1.010639877 -0.290801684 0.331589902 0.000201711 0.000071596 0.000000314 0.999999977
1305031471.327642 -1.010401917 -0.293991432 0.329695640 -0.000184055 -0.000160925 -0.000050724 0.999999969
1305031471.359615 -1.007979527 -0.298391365 0.328259564 -0.000935496 -0.001284504 0.000677852 0.999998508
1305031471.395730 -1.004939777 -0.297779794 0.327841069 0.000821637 -0.002075467 0.000563434 0.999997350
1305031471.427704 -1.003612245 -0.301803623 0.325271282 -0.000045894 -0.000063462 0.000451412 0.999999895
1305031471.459647 -1.004786690 -0.307130371 0.322243516 -0.001079241 0.000846563 -0.000530316 0.999998919
1305031471.496491 -1.005937563 -0.308553157 0.320760044 -0.000233356 0.000731414 -0.000515493 0.999999572
1305031471.527624 -1.006789421 -0.308578165 0.319142416 0.000609522 0.000638558 -0.000464834 0.999999502
1305031471.559671 -1.007492148 -0.309482326 0.317137803 0.000104553 0.000195935 -0.000183460 0.999999959
1305031471.595702 -1.006332213 -0.310226531 0.315479423 -0.000005983 -0.000530062 -0.000072449 0.999999857
1305031471.627621 -1.004381516 -0.311136679 0.313776493 0.000174364 -0.001022070 0.000398559 0.999999383
1305031471.659642 -1.001930415 -0.311977289 0.311241405 0.000110466 -0.000814957 0.000414798 0.999999576
1305031471.695609 -1.000096846 -0.314708906 0.308158917 -0.000474036 -0.000501164 0.000200117 0.999999742
1305031471.727501 -0.998950461 -0.316697590 0.306098346 -0.000607639 -0.000161893 -0.000173814 0.999999787
1305031471.759702 -0.998919603 -0.316256313 0.305662339 0.000099507 0.000106424 -0.000176146 0.999999974
1305031471.795801 -0.997340521 -0.316765390 0.304644040 -0.000064970 -0.000122282 -0.000813174 0.999999660
1305031471.827639 -0.995321733 -0.316816107 0.304707977 -0.000696393 -0.000357359 -0.000815292 0.999999361
1305031471.859665 -0.995384405 -0.312364855 0.306410740 0.000565128 0.000271185 -0.000459121 0.999999698
1305031471.895604 -0.995768897 -0.309199423 0.308032093 0.000373595 0.000375026 -0.000589038 0.999999686
1305031471.927651 -0.995878647 -0.304824679 0.310780711 0.000093781 0.000024898 -0.000269676 0.999999959
1305031471.959643 -0.993993912 -0.299273660 0.313402565 0.001003946 -0.000754247 0.000345344 0.999999152
1305031471.995573 -0.990828026 -0.299654978 0.314268612 -0.000503844 -0.002118730 0.000535028 0.999997485
1305031472.027638 -0.989223338 -0.296953628 0.317852325 -0.000499636 -0.000995000 0.000097650 0.999999375
1305031472.059668 -0.988598513 -0.291288880 0.321984430 0.000974592 -0.000515756 -0.000080639 0.999999389
1305031472.095601 -0.988002346 -0.289630180 0.322808800 0.000250864 -0.000388700 -0.000039465 0.999999892
1305031472.127594 -0.987360322 -0.286999516 0.325078504 -0.000265886 -0.000217849 0.000027645 0.999999941
1305031472.159645 -0.988708272 -0.281062795 0.328627713 0.000827694 0.000158356 -0.000215325 0.999999622
1305031472.195682 -0.989229962 -0.280500855 0.328978052 0.000460477 0.000263927 -0.000125848 0.999999851
1305031472.227626 -0.989042102 -0.284004509 0.327900255 -0.000891728 -0.000153785 -0.000511407 0.999999460
1305031472.263840 -0.988974344 -0.285590923 0.327570895 -0.000268543 -0.000124952 -0.000023598 0.999999956
1305031472.295671 -0.988008595 -0.290652951 0.325758159 -0.000149296 -0.000204711 -0.000017679 0.999999968
1305031472.327678 -0.986444609 -0.298270924 0.323131626 -0.001161323 -0.000506315 -0.000121924 0.999999190
1305031472.363577 -0.985962429 -0.301872755 0.321331491 -0.001073775 -0.000126092 0.000002595 0.999999416
1305031472.395599 -0.986382307 -0.301663847 0.320843539 0.000291560 0.000317311 -0.000133217 0.999999898
1305031472.427686 -0.988435462 -0.303505414 0.319657980 0.000286280 0.000640509 -0.000306979 0.999999707
1305031472.463603 -0.989634743 -0.306575690 0.318208849 -0.000109616 0.000192095 -0.000091563 0.999999971
1305031472.495626 -0.989383610 -0.309546618 0.317514505 -0.000292177 -0.000186120 0.000238497 0.999999912
1305031472.527625 -0.988680832 -0.310910439 0.317158215 0.000091015 -0.000263163 0.000286524 0.999999920
1305031472.563587 -0.987822275 -0.314939339 0.314904945 0.000243398 0.000022721 -0.000085812 0.999999966
1305031472.595675 -0.987750980 -0.322762796 0.311786484 -0.001003230 0.000158835 -0.000349587 0.999999423
1305031472.627701 -0.988137745 -0.326560149 0.310013775 -0.000721188 0.000462559 -0.000623224 0.999999439
1305031472.663575 -0.988802150 -0.327972047 0.309521068 0.000231063 0.000438122 -0.000278430 0.999999839
1305031472.695755 -0.989199337 -0.331965323 0.309219748 -0.000035909 0.000380548 -0.000281761 0.999999887
1305031472.727628 -0.989704340 -0.336353707 0.308346360 -0.000410286 0.000390422 0.000154144 0.999999828
1305031472.763578 -0.989639752 -0.341819697 0.308203222 -0.000553417 -0.000024856 -0.000035129 0.999999846
1305031472.795640 -0.989093968 -0.346167232 0.308261312 -0.000468529 -0.000336102 0.000235533 0.999999806
1305031472.827627 -0.987333890 -0.350748032 0.308247473 -0.000305327 -0.000415178 0.000253094 0.999999835
1305031472.863598 -0.987156354 -0.355590879 0.308468178 -0.000589189 -0.000153618 -0.000031992 0.999999814
1305031472.895713 -0.987654807 -0.358517203 0.308820343 -0.000380754 0.000341822 -0.000361081 0.999999804
1305031472.927685 -0.988824834 -0.358036369 0.309580419 0.000302705 0.000783884 -0.000476467 0.999999533
1305031472.963756 -0.989152918 -0.357717881 0.309931644 0.000392463 0.000243101 -0.000171459 0.999999879
1305031472.995704 -0.989708215 -0.357586728 0.310292287 -0.000006951 0.000368768 -0.000285218 0.999999891
1305031473.027638 -0.990546670 -0.356331391 0.311077453 0.000505490 0.000480845 -0.000274702 0.999999719
1305031473.063684 -0.991209463 -0.355621530 0.311873831 0.000331235 0.000347531 0.000033538 0.999999884
1305031473.095695 -0.991073633 -0.355117626 0.312131739 0.000400870 -0.000202523 0.000180934 0.999999883
1305031473.127744 -0.990068465 -0.356317967 0.312391718 -0.000284789 -0.000669987 0.000528259 0.999999595
1305031473.167060 -0.989888020 -0.356612252 0.312407473 0.000125942 -0.000199611 0.000228706 0.999999946
1305031473.196069 -0.990182335 -0.358364316 0.311958195 -0.000260741 0.000204763 -0.000064283 0.999999943
