1305031453.391690 0.015536820 0.003528757 -0.004797027 0.000408756 -0.004287343 0.001230068 0.999989969
1305031453.423683 0.023983855 0.004783393 -0.013099268 0.000733495 -0.001846425 0.002466143 0.999994985
1305031453.459685 0.031070239 0.006829639 -0.023203702 0.002617296 -0.000131819 0.002858751 0.999992480
1305031453.491698 0.039311290 0.008462676 -0.034095379 0.002740802 -0.000364015 0.002891228 0.999991998
1305031453.523684 0.046440074 0.007580422 -0.045982640 0.003906273 -0.000797538 0.002780633 0.999988186
1305031453.559753 0.049296079 0.009830354 -0.059719629 0.005442694 0.000934504 0.005072407 0.999971887
1305031453.591640 0.052062721 0.015085610 -0.073793700 0.007172275 0.001260155 0.003776107 0.999966355
1305031453.627706 0.053906859 0.020061971 -0.088342428 0.006465873 -0.000435623 0.002572283 0.999975693
1305031453.659600 0.050080504 0.025033806 -0.103460713 0.006534197 -0.000968991 0.001081909 0.999977597
1305031453.691678 0.045364996 0.028400396 -0.118061105 0.004475381 -0.002983569 -0.002592573 0.999982174
1305031453.727652 0.043503053 0.034986120 -0.132050122 0.003282519 -0.002700164 -0.004132555 0.999982428
1305031453.759694 0.033761762 0.038864841 -0.147256855 0.002453553 -0.003410354 -0.006124085 0.999972422
1305031453.791716 0.029114179 0.043067811 -0.161333400 0.001685570 -0.005718427 -0.007604125 0.999953317
1305031453.827773 0.015711422 0.044095677 -0.174504168 -0.000812828 -0.003507797 -0.006584467 0.999971839
1305031453.859705 0.005387690 0.047694991 -0.184503404 0.000059755 -0.006767107 -0.005380235 0.999962627
1305031453.891710 -0.008702371 0.060041891 -0.194362781 0.000810596 -0.010481453 -0.003796747 0.999937531
1305031453.927723 -0.024017985 0.071498091 -0.202159374 -0.000103619 -0.013140943 -0.000448841 0.999913548
1305031453.959641 -0.047234160 0.079982318 -0.209977532 -0.001922062 -0.007623099 -0.002528734 0.999965899
1305031453.991624 -0.064776140 0.081990335 -0.216325427 -0.003012172 -0.008819798 -0.007788605 0.999926235
1305031454.027662 -0.083872586 0.082982103 -0.224080130 -0.000153453 -0.007505199 -0.007341495 0.999944874
1305031454.059654 -0.110446489 0.090572466 -0.229115655 0.001601265 -0.001991222 -0.004315333 0.999987424
1305031454.091651 -0.137012097 0.089006211 -0.233264370 -0.002593862 -0.002779276 -0.006784794 0.999969757
1305031454.127701 -0.163788129 0.084260230 -0.236835891 -0.001688166 -0.004771343 -0.010483868 0.999932234
1305031454.159672 -0.193920840 0.088650376 -0.238552578 0.000350025 -0.003333728 -0.005423115 0.999979677
1305031454.191658 -0.211837534 0.093626403 -0.238826887 -0.000927068 -0.011040630 -0.009276321 0.999895592
1305031454.227671 -0.237689203 0.084413276 -0.240502522 -0.004090260 -0.007052300 -0.010706252 0.999909451
1305031454.259627 -0.258893106 0.076712846 -0.238547319 0.000050783 -0.004244876 -0.009887900 0.999942102
1305031454.291639 -0.271910454 0.079734234 -0.236246936 -0.000995921 -0.003041140 -0.007588228 0.999966089
1305031454.327699 -0.290682755 0.079086285 -0.236848429 -0.000888580 -0.002124252 -0.008472687 0.999961455
1305031454.359636 -0.308508602 0.071839200 -0.235596894 0.000710942 -0.003016984 -0.008106515 0.999962338
1305031454.391677 -0.322129594 0.074625248 -0.233073438 0.001208938 -0.001055796 -0.005379598 0.999984242
1305031454.427465 -0.340011076 0.077693860 -0.233818544 0.000486700 -0.001810206 -0.007221711 0.999972166
1305031454.459913 -0.354194549 0.076812579 -0.232350858 -0.000495914 -0.003306371 -0.008584290 0.999957565
1305031454.491617 -0.367437831 0.084714268 -0.233038220 0.000557391 -0.000545378 -0.011698248 0.999931269
1305031454.527700 -0.380002035 0.095223265 -0.232466404 -0.000061764 -0.000256521 -0.009682661 0.999953087
1305031454.559575 -0.391472301 0.108654034 -0.233189149 -0.001068668 -0.001467571 -0.008101723 0.999965533
1305031454.591635 -0.404725298 0.117940099 -0.233670352 -0.002176743 -0.002276046 -0.009462539 0.999950270
1305031454.627580 -0.417316503 0.120176012 -0.233063535 -0.003270098 -0.006447718 -0.005771814 0.999957209
1305031454.659528 -0.424673668 0.125204621 -0.230810508 -0.004238794 -0.007409423 -0.000911783 0.999963150
1305031454.691884 -0.435475575 0.126642970 -0.232147529 -0.006722389 -0.008442609 0.001743344 0.999940245
1305031454.727659 -0.438844635 0.127715569 -0.230644023 -0.003120453 -0.009782975 0.000902848 0.999946869
1305031454.759732 -0.436855023 0.130381585 -0.228469980 -0.002656181 -0.004186309 0.006047368 0.999969424
1305031454.791641 -0.439605345 0.137758177 -0.230263041 -0.001453764 -0.001316116 0.008432255 0.999962525
1305031454.827570 -0.436941120 0.146910392 -0.230329847 -0.000740616 -0.000571181 0.006965475 0.999975303
1305031454.859620 -0.431243098 0.157663839 -0.230986836 -0.001676180 -0.000070103 0.006815035 0.999975370
1305031454.891764 -0.422615623 0.168286441 -0.231374342 -0.000674938 0.001569072 0.005616075 0.999982771
1305031454.927567 -0.419211400 0.183521764 -0.233335234 0.000577524 0.002524271 0.003836047 0.999989290
1305031454.959648 -0.411370077 0.192110756 -0.233088035 -0.001388958 0.000635942 0.003991528 0.999990867
1305031454.991937 -0.409552179 0.199429354 -0.234833542 -0.001160655 0.000755500 0.003811304 0.999991778
1305031455.027799 -0.410402090 0.207582568 -0.235367560 0.000496137 0.000151595 0.001848864 0.999998156
1305031455.059636 -0.408740555 0.215537307 -0.235330511 0.000267623 0.000213901 0.000186948 0.999999924
1305031455.091700 -0.410733098 0.221972632 -0.236419570 0.001444397 0.001781828 -0.002624793 0.999993925
1305031455.127695 -0.412454336 0.230920802 -0.236809011 0.001763135 0.001901085 -0.002326612 0.999993932
1305031455.159720 -0.412767887 0.239954752 -0.235879686 0.001131018 0.000640763 0.000211239 0.999999133
1305031455.191655 -0.412018786 0.247614762 -0.233476695 0.000367042 -0.000355997 0.001793617 0.999998261
1305031455.227581 -0.414434617 0.252268696 -0.234032847 0.000023245 0.000067072 0.001855931 0.999998275
1305031455.259631 -0.413323245 0.261559384 -0.231722146 0.000909818 -0.000373417 0.001882509 0.999997744
1305031455.291831 -0.416795673 0.262525759 -0.229537343 -0.006464895 0.001513304 0.006984509 0.999953565
1305031455.327766 -0.416115325 0.266118083 -0.226707674 -0.002391340 -0.001626602 0.007512627 0.999967598
1305031455.359630 -0.417764243 0.272556193 -0.224228417 -0.004953633 -0.002637507 0.005773653 0.999967584
1305031455.391665 -0.422448468 0.270968808 -0.221377564 -0.008988238 0.002151380 0.005457648 0.999942397
1305031455.427642 -0.426569728 0.265604758 -0.218997199 -0.007542760 0.001710996 0.006280762 0.999950364
1305031455.459589 -0.423097147 0.258868116 -0.216096137 -0.005056102 -0.003664722 0.007344085 0.999953534
1305031455.491637 -0.425540335 0.259423856 -0.217796846 -0.001953315 -0.000754983 0.005775576 0.999981128
1305031455.527610 -0.427631574 0.253156981 -0.219539860 -0.004105917 -0.001462045 0.007599195 0.999961627
1305031455.559669 -0.424436621 0.248551299 -0.220899333 -0.000026897 -0.004660614 0.006501451 0.999968004
1305031455.591645 -0.431188667 0.249057374 -0.225938623 0.000901046 -0.003343627 0.010549094 0.999938361
1305031455.627617 -0.441908971 0.243813264 -0.231323393 -0.003096023 -0.000210031 0.010592185 0.999939086
1305031455.659615 -0.456070206 0.235238452 -0.237729777 0.000430479 0.001656804 0.004988981 0.999986090
1305031455.691605 -0.466940706 0.232259342 -0.246334651 0.002325487 0.002401036 -0.002607441 0.999991014
1305031455.727628 -0.480339509 0.229514683 -0.255337244 0.001002502 0.004333872 -0.005099073 0.999977106
1305031455.759683 -0.492607406 0.225176095 -0.265076129 -0.000500293 0.004940722 -0.005045239 0.999974942
1305031455.791666 -0.503413376 0.216545871 -0.273790321 -0.000232492 0.003240113 -0.003181187 0.999989664
1305031455.827590 -0.516086513 0.211936753 -0.285032094 0.002221343 0.003407808 -0.002095136 0.999989531
1305031455.859526 -0.526905972 0.206625756 -0.294668623 -0.000005209 0.002809842 -0.001710007 0.999994590
1305031455.891657 -0.536161076 0.200318511 -0.303577196 -0.000654322 0.002800295 -0.000766244 0.999995572
1305031455.927955 -0.545880852 0.195560984 -0.311624234 -0.000412781 0.003204667 -0.001435779 0.999993749
1305031455.959716 -0.554773836 0.190771154 -0.318863852 -0.000346914 0.003462786 -0.003049188 0.999989296
1305031455.991694 -0.561210083 0.190481585 -0.325062614 -0.000946131 0.002607086 -0.004540644 0.999985845
1305031456.027770 -0.575973641 0.190958685 -0.330115072 -0.004234195 0.006321881 -0.003849331 0.999963643
1305031456.059713 -0.593431843 0.182782199 -0.334028284 -0.011466871 0.007441609 -0.002981792 0.999902116
1305031456.091707 -0.610247499 0.172293752 -0.336413498 -0.008168579 0.005712502 -0.002195321 0.999947910
1305031456.127645 -0.622494044 0.162998349 -0.339543712 -0.004078116 0.004688001 -0.001508779 0.999979557
1305031456.159731 -0.631546506 0.156270367 -0.343346376 -0.001916781 0.003389856 -0.003102133 0.999987606
1305031456.191658 -0.638569692 0.147422588 -0.345662384 0.002446450 0.005465961 -0.002897362 0.999977871
1305031456.227678 -0.646574284 0.153003785 -0.350003005 0.004958433 0.007044876 -0.000706308 0.999962642
1305031456.291675 -0.658995003 0.149201717 -0.351253750 -0.002082906 0.008014217 -0.000467800 0.999965607
1305031456.327718 -0.668252579 0.136254668 -0.346829205 0.005639834 0.013999087 -0.000859065 0.999885733
1305031456.391619 -0.673403818 0.143151843 -0.348440873 0.005535944 0.006702845 -0.000612601 0.999962024
1305031456.427662 -0.698205718 0.141870702 -0.344248200 0.004944471 0.020689532 0.006131338 0.999754921
1305031456.491677 -0.702672786 0.154348622 -0.339908951 0.004390420 0.002173605 0.002076684 0.999985843
1305031456.527641 -0.729735021 0.158549966 -0.322273157 -0.011197550 -0.000445989 0.010801102 0.999878869
1305031456.591651 -0.736230652 0.154267431 -0.311213350 -0.004058747 -0.000702047 0.002710941 0.999987842
1305031456.627612 -0.747599072 0.175487485 -0.290906880 -0.004640552 0.005081977 0.007419553 0.999948793
1305031456.691612 -0.760819328 0.166499322 -0.277206181 -0.014592647 0.003852067 0.003236485 0.999880864
1305031456.727693 -0.762364619 0.181110239 -0.258290072 0.000869746 -0.001919752 0.010203108 0.999945726
1305031456.791649 -0.768320099 0.174273453 -0.245448876 -0.008456613 -0.003068975 0.006919273 0.999935593
1305031456.827603 -0.774917286 0.190466321 -0.226754572 0.005997854 -0.012867928 0.010874416 0.999840082
1305031456.891672 -0.779507393 0.190506369 -0.214828249 -0.007259914 -0.000358443 0.004429356 0.999963772
1305031456.927690 -0.788187466 0.198421178 -0.200391980 0.001214902 0.003282421 0.003078675 0.999989136
1305031456.959667 -0.793402270 0.210987392 -0.193443133 0.002016541 0.002385230 0.001022762 0.999994599
1305031456.991709 -0.802980183 0.210399835 -0.184947894 -0.008592347 0.003561184 0.001023476 0.999956220
1305031457.027648 -0.813067399 0.211978277 -0.179960419 -0.002824941 0.004046948 0.002130410 0.999985552
1305031457.091655 -0.820767514 0.219741551 -0.177312354 -0.001670341 0.003119888 0.002976820 0.999989307
1305031457.127632 -0.843566943 0.213556481 -0.174028962 -0.014707458 0.011422474 0.007509806 0.999798390
1305031457.191735 -0.851033241 0.213939511 -0.177183637 0.001284936 0.004098667 0.002269771 0.999988199
1305031457.227543 -0.866834293 0.213107022 -0.184694056 -0.001942872 0.008326120 0.003447550 0.999957507
1305031457.291656 -0.875336692 0.205736820 -0.190744090 -0.000723283 0.003983297 0.001069659 0.999991233
1305031457.327548 -0.890695664 0.213757381 -0.211224037 0.013220656 0.009649628 0.001161040 0.999865366
1305031457.391684 -0.902422661 0.210258165 -0.219522060 0.000244897 0.008133626 0.001583579 0.999965638
1305031457.427641 -0.925196158 0.208991928 -0.242097609 0.008844742 0.012554964 0.007556392 0.999853511
1305031457.491705 -0.935374953 0.206233704 -0.252970758 0.000270639 0.001982557 0.002876337 0.999993861
1305031457.527638 -0.947203081 0.199368154 -0.263252408 -0.000416690 0.001348700 0.002428847 0.999996054
1305031457.559685 -0.959475142 0.194582125 -0.273898272 0.003527189 0.003129484 0.003352324 0.999983263
1305031457.591678 -0.971088367 0.194438734 -0.285587910 0.004863691 0.004260892 0.003422279 0.999973238
1305031457.627526 -0.987248333 0.191574522 -0.305824466 0.004692359 0.002955059 0.002522205 0.999981444
1305031457.659632 -0.996363263 0.193744000 -0.314727224 0.003880878 0.001475004 0.003452166 0.999985423
1305031457.691570 -1.004261924 0.191632495 -0.322354770 -0.003912801 -0.000521768 0.000536835 0.999992065
1305031457.727669 -1.011252417 0.177334149 -0.327278374 -0.004055790 0.000462151 -0.002161700 0.999989332
1305031457.759556 -1.022086684 0.171416151 -0.335752476 0.002977874 0.002023875 -0.002377789 0.999990691
1305031457.791567 -1.030630786 0.158200323 -0.343098597 0.005418081 0.002931271 -0.001865199 0.999979286
1305031457.827699 -1.041994877 0.163567790 -0.354623514 0.012477277 0.005841350 0.000258681 0.999905060
1305031457.859623 -1.058950146 0.161199455 -0.362226559 0.004353648 0.008237119 -0.000048796 0.999956596
1305031457.891593 -1.069959711 0.143451448 -0.366727156 0.004076773 0.004276940 -0.001649703 0.999981183
1305031457.927633 -1.085045051 0.146466154 -0.374664740 0.013781723 0.003577493 0.004580501 0.999888136
1305031457.991644 -1.098665201 0.153391081 -0.380296344 0.009214316 0.001406461 0.005333778 0.999942333
1305031458.027845 -1.113924374 0.145647807 -0.382406387 0.003568977 0.002135513 0.002271111 0.999988772
1305031458.059689 -1.126877422 0.139762445 -0.384388047 0.007646276 0.003144684 0.000615470 0.999965633
1305031458.091690 -1.144018191 0.149889953 -0.383219688 0.011414330 0.005103416 0.002170750 0.999919475
1305031458.127605 -1.149783762 0.154801477 -0.379417151 0.002206983 0.001902178 -0.000750702 0.999995474
1305031458.159638 -1.162008672 0.149618607 -0.373146869 -0.002218667 0.003435834 -0.000997354 0.999991139
1305031458.191646 -1.167596570 0.150372180 -0.369965814 0.001217752 0.000685081 -0.000481862 0.999998908
1305031458.227611 -1.177974499 0.162824173 -0.362487745 0.002654569 0.000378913 0.002612276 0.999992993
1305031458.259934 -1.193189858 0.158061131 -0.347340764 -0.007349400 0.000519776 0.001255830 0.999972069
1305031458.291664 -1.208067190 0.131295517 -0.332800512 -0.009016976 -0.000919673 -0.002026128 0.999956871
1305031458.327628 -1.229922007 0.131628826 -0.320726407 0.007273627 0.000029414 0.002330408 0.999970831
1305031458.359590 -1.254566140 0.134120747 -0.308568887 0.002206618 -0.001024623 0.003854714 0.999989611
1305031458.391626 -1.269767875 0.118547040 -0.295906492 0.001990033 -0.004455622 0.001513442 0.999986948
1305031458.427598 -1.271901476 0.128193785 -0.287139358 0.012660846 -0.005855298 0.001452956 0.999901649
1305031458.459637 -1.276455476 0.132208159 -0.275687339 0.007789412 -0.002227265 0.006970151 0.999942889
1305031458.491696 -1.274059740 0.129155213 -0.269702603 0.008869619 -0.000045806 0.005537096 0.999945333
1305031458.527737 -1.272649486 0.131008564 -0.263744414 0.019591652 0.003360312 -0.000817745 0.999802084
1305031458.559628 -1.277413164 0.148061272 -0.245448860 0.022180152 0.005865823 -0.000614645 0.999736593
1305031458.591641 -1.280505814 0.157281861 -0.228444559 0.010741145 0.005847237 -0.003001587 0.999920711
1305031458.627659 -1.288780394 0.164000314 -0.207215628 0.011773433 0.004528286 -0.003640297 0.999913811
1305031458.659623 -1.294349884 0.186660610 -0.183134944 0.007526187 0.001708806 -0.003029250 0.999965629
1305031458.691674 -1.307356369 0.196016684 -0.157552858 -0.003722274 0.001601672 -0.001123256 0.999991159
1305031458.727650 -1.324081276 0.193363443 -0.115896394 -0.010707727 -0.021279996 -0.011093966 0.999654656
1305031458.759945 -1.335453425 0.200101925 -0.096365701 0.005747813 -0.004917785 -0.003600051 0.999964908
1305031458.791632 -1.342609138 0.210373086 -0.075414250 0.001301486 -0.007458892 -0.004707304 0.999960255
1305031458.827564 -1.343335516 0.209867571 -0.062927574 -0.006285348 -0.005964530 -0.002831656 0.999958449
1305031458.891665 -1.341401680 0.203122896 -0.057096092 -0.001559293 -0.003068733 -0.001432922 0.999993049
1305031458.927621 -1.341021505 0.204035219 -0.049338407 0.005647233 -0.000183188 -0.006001873 0.999966026
1305031458.959617 -1.344375511 0.211936479 -0.039520063 0.001559987 0.004833855 0.001279138 0.999986282
1305031458.991647 -1.350633454 0.209579831 -0.032906283 -0.007203237 0.005829381 0.008637129 0.999919763
1305031459.027665 -1.355768934 0.198709862 -0.034749373 -0.002090023 0.001347311 0.001858854 0.999995181
1305031459.059631 -1.398232004 0.182515518 -0.014617028 0.013967911 -0.005177931 0.014333958 0.999786289
1305031459.127618 -1.429670191 0.170561916 -0.004297358 0.005664355 -0.008584684 0.014162006 0.999846816
1305031459.159639 -1.462517435 0.166179557 0.012188981 0.009111245 -0.017512898 0.008183954 0.999771627
1305031459.191674 -1.488716655 0.161831814 0.026966714 0.005034712 -0.015131649 0.007046579 0.999848004
1305031459.227607 -1.515695373 0.165531402 0.051268851 0.004899271 -0.022955597 0.018054076 0.999561448
1305031459.259760 -1.521787779 0.177761196 0.060090005 0.001950740 -0.000971788 0.005688679 0.999981444
1305031459.327632 -1.523072967 0.185729191 0.071167997 0.000836337 0.009979952 0.005299238 0.999935808
1305031459.359651 -1.521013625 0.200863143 0.083634998 0.009471347 0.038346352 0.028159316 0.998822759
1305031459.391667 -1.515010258 0.220543079 0.098737183 0.003901693 0.018333321 0.013354290 0.999735129
1305031459.427646 -1.514350338 0.234133811 0.105445725 -0.003300272 0.025663910 0.019725336 0.999470551
1305031459.459679 -1.506530258 0.250884055 0.104688217 0.003269316 0.018743387 0.017775836 0.999660951
1305031459.527594 -1.504501946 0.280475541 0.116841515 0.004996707 0.011808544 0.013370787 0.999828392
1305031459.559647 -1.496198982 0.293178061 0.119097278 -0.008018586 0.009986695 0.012669967 0.999837707
1305031459.591695 -1.493007148 0.304789431 0.119860036 -0.002089504 0.005075147 0.010572110 0.999929051
1305031459.627608 -1.491737969 0.317221676 0.121741572 -0.001963320 -0.000131570 0.007979985 0.999966223
1305031459.659641 -1.503762519 0.319516380 0.124558948 -0.004007230 0.005139929 0.006956906 0.999954561
1305031459.691604 -1.511887832 0.326333222 0.127430156 0.002148109 0.003239063 -0.002287524 0.999989831
1305031459.727551 -1.536176022 0.316774903 0.132355873 -0.007104057 0.017824117 -0.000632529 0.999815700
1305031459.791650 -1.551691555 0.313078483 0.129659357 0.002475523 0.005038854 -0.004440591 0.999974381
1305031459.827664 -1.568128447 0.309816432 0.129693662 0.002298473 0.003755302 -0.003389504 0.999984563
1305031459.859660 -1.585623805 0.307329573 0.132312201 0.001134044 0.002497104 -0.001544038 0.999995047
1305031459.891596 -1.600210505 0.307356829 0.134868128 -0.001616743 0.001027395 -0.001968837 0.999996227
1305031459.927607 -1.613670943 0.289960584 0.136165831 -0.009163573 -0.000342245 0.004937192 0.999945766
1305031459.991725 -1.626197430 0.285615111 0.139319147 -0.001561923 0.000086409 0.001728011 0.999997283
1305031460.027565 -1.636002795 0.275833376 0.141030101 -0.005090793 0.002094456 0.003669913 0.999978114
1305031460.059659 -1.646808644 0.268672487 0.140734497 -0.001814423 0.001380893 0.002624443 0.999993957
1305031460.091717 -1.658798044 0.260584995 0.144063262 -0.000076890 0.000014548 0.001254711 0.999999210
1305031460.127690 -1.665516114 0.255995197 0.141874093 -0.001551397 -0.003711381 0.007313719 0.999965164
1305031460.159678 -1.675803877 0.247708929 0.142730398 -0.000570914 -0.006318120 0.011311582 0.999915898
1305031460.191559 -1.685206819 0.243605105 0.144492272 0.000494178 -0.006527230 0.008189430 0.999945041
1305031460.227761 -1.699760376 0.223627150 0.150496892 -0.005762262 -0.000574330 0.011186654 0.999920659
1305031460.291689 -1.691685662 0.215707815 0.146449472 0.000259552 0.000346419 -0.004196583 0.999991101
1305031460.327512 -1.695192351 0.195539854 0.150687892 0.004021850 0.011594699 -0.001984700 0.999922721
1305031460.391611 -1.691138049 0.187137485 0.152478775 -0.000628795 0.004669282 -0.001818071 0.999987248
1305031460.427477 -1.689285267 0.176672563 0.155180731 -0.002762733 0.005275050 -0.001139950 0.999981621
1305031460.459620 -1.688067773 0.167358894 0.156666025 -0.000602127 0.005854602 0.001278876 0.999981863
1305031460.491504 -1.688962083 0.158452349 0.161863822 -0.000406375 0.008141090 -0.002191005 0.999964378
1305031460.527570 -1.690046338 0.150491402 0.169848792 -0.002355632 0.009097522 -0.000723291 0.999955580
1305031460.559647 -1.693872843 0.136135009 0.177934245 -0.005602250 0.011608418 0.004262013 0.999907843
1305031460.591855 -1.699075475 0.123218866 0.184641595 -0.003108913 0.009921854 0.001477855 0.999944852
1305031460.627625 -1.706773401 0.114526689 0.190729191 0.000324522 0.009000985 -0.000467633 0.999959328
1305031460.659764 -1.712541400 0.104478994 0.195314118 0.000193745 0.008897082 0.000956148 0.999959944
1305031460.691671 -1.719979377 0.097869544 0.201070420 0.002069567 0.007151177 -0.001388365 0.999971325
1305031460.727675 -1.725300824 0.092994924 0.205853949 -0.001053927 0.004489870 -0.001904454 0.999987552
1305031460.759667 -1.731197361 0.085876130 0.211286254 -0.002678645 0.004531951 -0.002408814 0.999983242
1305031460.791660 -1.738092418 0.077672151 0.216363981 -0.000364129 0.005709022 -0.002943611 0.999979305
1305031460.827660 -1.745410296 0.072390869 0.222935468 0.000546279 0.005016467 -0.003311601 0.999981785
1305031460.859714 -1.750617419 0.067061718 0.229079808 -0.001819056 0.004358160 -0.003540845 0.999982580
1305031460.891774 -1.757468989 0.058822513 0.236899063 -0.002931345 0.006740310 -0.004771090 0.999961605
1305031460.927562 -1.766902135 0.038894783 0.253757182 -0.007236566 0.012485354 -0.005329047 0.999881668
1305031460.991668 -1.767473813 0.025918905 0.257159736 -0.005557407 0.003004578 0.000972384 0.999979571
1305031461.027620 -1.766980862 0.008203231 0.262909905 0.002083726 0.002934978 0.000433361 0.999993428
1305031461.091728 -1.768457070 0.003791309 0.267311191 0.003021720 -0.000006202 0.000416821 0.999995348
1305031461.127586 -1.767576062 0.001339157 0.269878384 -0.001359413 -0.000228271 -0.001824823 0.999997385
1305031461.159720 -1.767314568 -0.007036418 0.271647310 -0.001935931 0.002066334 -0.001597157 0.999994716
1305031461.192013 -1.766264376 -0.014242404 0.272666642 0.001450464 0.000242784 -0.001428438 0.999997898
1305031461.227607 -1.766192563 -0.016869674 0.275395378 0.003514664 -0.000794838 -0.004139008 0.999984942
1305031461.259642 -1.765700004 -0.020501948 0.278022331 0.001331974 0.000811610 -0.002834456 0.999994766
1305031461.291656 -1.764384676 -0.026189454 0.280937382 0.001615771 -0.000706168 -0.004155146 0.999989813
1305031461.327751 -1.765652549 -0.029223295 0.286037791 0.004091880 0.000577431 -0.004454844 0.999981539
1305031461.359709 -1.764461110 -0.030381012 0.291837474 0.004001493 0.000992540 -0.004845343 0.999979763
1305031461.391708 -1.764081297 -0.030589333 0.301331980 -0.000119842 0.003863200 -0.004953598 0.999980261
1305031461.427624 -1.760383657 -0.041302456 0.307395907 -0.008115756 0.002696538 -0.002218008 0.999960971
1305031461.459781 -1.758793152 -0.044427037 0.311636086 -0.000129848 0.000965417 -0.001233545 0.999998765
1305031461.491677 -1.756057522 -0.046314427 0.317611139 -0.002951217 0.001181747 0.000464403 0.999994839
1305031461.527705 -1.751359049 -0.059660743 0.317727812 -0.006565516 0.001094213 0.000112279 0.999977842
1305031461.559677 -1.748031453 -0.061447985 0.318871442 0.004920328 -0.001099457 -0.001368450 0.999986354
1305031461.591690 -1.745901104 -0.063039060 0.319501002 0.001796526 0.001354666 -0.004511679 0.999987291
1305031461.627541 -1.741432788 -0.064172024 0.319312092 0.003747316 0.003779627 -0.003813704 0.999978564
1305031461.659622 -1.739486459 -0.064799651 0.321577288 0.000312094 0.005153779 0.001052766 0.999986116
1305031461.691563 -1.737025656 -0.066513084 0.324453271 -0.000544462 0.002659999 -0.001321294 0.999995441
1305031461.727602 -1.731398781 -0.061767733 0.325149069 -0.001109905 0.000414377 0.003797737 0.999992087
1305031461.759684 -1.724831918 -0.062007385 0.324561686 -0.004267785 -0.000414753 0.003407796 0.999985000
1305031461.791612 -1.720822423 -0.055970632 0.326637523 0.001559515 0.001055338 0.002467980 0.999995182
1305031461.827615 -1.717588589 -0.053079179 0.329689061 -0.002588429 0.002538217 0.002900363 0.999989223
1305031461.859767 -1.716072312 -0.050469371 0.332953105 -0.000693061 0.004021919 0.005073229 0.999978803
1305031461.891723 -1.709307839 -0.037756377 0.335124054 0.001679312 -0.000388619 0.004926332 0.999986380
1305031461.927758 -1.704426729 -0.025917731 0.338084394 -0.004306537 0.003155448 0.011649751 0.999917887
1305031461.959703 -1.702011017 -0.023268136 0.343427556 -0.007814802 0.003466261 0.009959899 0.999913853
1305031461.991590 -1.701815640 -0.018246067 0.349340641 -0.001446312 0.004374454 0.000406493 0.999989303
1305031462.027675 -1.703836727 -0.009139282 0.360643928 -0.001798395 0.006361238 0.005021301 0.999965543
1305031462.059837 -1.702418517 -0.003444542 0.366022897 -0.009705889 0.003876900 0.012455903 0.999867799
1305031462.091777 -1.699490336 0.004478683 0.368760373 -0.008024193 -0.002379267 0.012515731 0.999886648
1305031462.127739 -1.697941667 0.013535418 0.369755850 -0.006958093 -0.001920654 0.010071041 0.999923232
1305031462.159646 -1.695469292 0.019363815 0.372954092 -0.005704198 -0.000576673 0.007599643 0.999954686
1305031462.191641 -1.695282776 0.024082738 0.376561405 -0.004112810 0.000642894 0.004672067 0.999980421
1305031462.227633 -1.697626595 0.027902667 0.383563140 -0.001027736 0.003239971 0.000464906 0.999994115
1305031462.259765 -1.700823162 0.031095087 0.392357973 -0.002184156 0.004380549 -0.000081428 0.999988017
1305031462.291629 -1.702465968 0.032816696 0.401321164 -0.002839284 0.004087353 -0.000977137 0.999987139
1305031462.327540 -1.702485937 0.035737181 0.409349052 -0.002549116 0.002338455 -0.001999675 0.999992017
1305031462.359732 -1.705120391 0.037262320 0.418872642 -0.002743505 0.004985725 -0.002155374 0.999981485
1305031462.391695 -1.707993829 0.040388082 0.430006278 -0.001546134 0.004899017 -0.003088914 0.999982034
1305031462.427635 -1.707764084 0.040902265 0.441152517 -0.006197290 0.003390383 -0.000620779 0.999974856
1305031462.459897 -1.705381522 0.041013615 0.450550612 -0.006463759 0.002591141 -0.000491678 0.999975632
1305031462.492008 -1.703502014 0.042640889 0.460060400 -0.005762555 0.002141450 0.000328196 0.999981050
1305031462.527670 -1.696692359 0.039143583 0.467983703 -0.010244156 0.002241096 0.000588241 0.999944843
1305031462.559862 -1.690500157 0.038952161 0.471305934 -0.006538424 -0.001692187 0.000701765 0.999976946
1305031462.591862 -1.686994672 0.037389190 0.474560345 -0.004656885 0.000174115 0.000067470 0.999989139
1305031462.627851 -1.688834297 0.036742773 0.477307465 -0.000670941 0.002551888 -0.001746074 0.999994994
1305031462.659660 -1.691774243 0.035676614 0.479626821 0.000463324 0.002947540 -0.002260818 0.999992993
1305031462.692548 -1.696143934 0.034730020 0.480295554 0.002215601 0.002654839 -0.002135852 0.999991741
1305031462.727652 -1.699845524 0.038214258 0.479684947 0.005294647 0.000541617 -0.001627796 0.999984512
1305031462.759782 -1.701177153 0.040628216 0.478899310 0.001593571 -0.000419427 -0.001704993 0.999997189
1305031462.791943 -1.701456496 0.041424431 0.478758288 0.000603488 -0.000510018 -0.000922614 0.999999262
1305031462.827816 -1.701421884 0.042139759 0.478545542 0.000445817 -0.000357514 0.000015087 0.999999837
1305031462.859782 -1.699374673 0.043966971 0.478044897 -0.000481411 -0.001495853 -0.000613682 0.999998577
1305031462.891847 -1.696432178 0.040255850 0.477493880 -0.004082237 -0.000227483 0.001244793 0.999990867
1305031462.927607 -1.697980335 0.039996168 0.476412834 0.000842475 0.000393507 -0.000170457 0.999999553
1305031462.959676 -1.696603483 0.041725196 0.472157274 0.001439675 -0.002386030 -0.001744906 0.999994595
1305031462.995550 -1.696385147 0.043165226 0.467023366 0.001639468 -0.002468479 0.001145187 0.999994954
1305031463.027667 -1.696246992 0.045222389 0.458053939 0.003252657 -0.003809555 0.000713792 0.999987199
1305031463.059810 -1.698474423 0.052231469 0.447799244 0.007996669 -0.004564433 -0.003109616 0.999952774
1305031463.095809 -1.702513760 0.058756408 0.441118492 0.006911570 -0.003012783 -0.002422155 0.999968643
1305031463.127550 -1.704011208 0.056327509 0.435861684 0.001016818 -0.000191270 -0.001736792 0.999997957
1305031463.159787 -1.708152152 0.057976722 0.427973201 0.005666304 -0.000941769 -0.003786986 0.999976332
1305031463.195657 -1.715683688 0.063606491 0.422787420 0.008213814 -0.000211422 -0.004043486 0.999958069
1305031463.227784 -1.720131604 0.063350238 0.421992113 0.002092059 0.001708966 -0.002218637 0.999993890
1305031463.260034 -1.718552528 0.058080584 0.416823225 -0.001751779 -0.000298027 0.001316927 0.999997554
1305031463.295737 -1.721344074 0.063050968 0.409985661 0.007198994 -0.000801701 -0.000889091 0.999973370
1305031463.327739 -1.723899214 0.067863662 0.406828411 0.004503633 -0.000438216 -0.002052536 0.999987656
1305031463.359750 -1.720438969 0.065886906 0.401916115 -0.001425541 -0.001984572 0.002042382 0.999994929
1305031463.395630 -1.718639631 0.071969753 0.393203789 0.005253121 -0.004922858 0.000856502 0.999973718
1305031463.427716 -1.716705740 0.079560806 0.387460326 0.004596979 -0.004345665 -0.001368262 0.999979055
1305031463.459756 -1.715349394 0.077026187 0.386777261 -0.000388222 -0.000051341 0.000699357 0.999999679
1305031463.495629 -1.715709148 0.077421038 0.384644774 0.000943008 0.000195034 0.000583349 0.999999366
1305031463.527670 -1.714820610 0.073865813 0.383164133 -0.001060404 0.001179287 -0.000535288 0.999998599
1305031463.559751 -1.715574577 0.071502105 0.378336513 0.001207101 0.001148419 -0.000935209 0.999998175
1305031463.595600 -1.717681696 0.074411949 0.373682826 0.004299215 0.000018544 0.002429935 0.999987806
1305031463.627588 -1.714885726 0.070885610 0.368262107 -0.002095449 -0.000735072 0.003553084 0.999991222
1305031463.659766 -1.712802113 0.063393398 0.358684497 -0.001321670 -0.000849498 0.001519369 0.999997612
1305031463.695640 -1.716324291 0.066494128 0.347202350 0.008607104 -0.002145480 0.000003213 0.999960657
1305031463.727588 -1.718933062 0.064748358 0.340201944 0.003082546 0.000873826 0.001347853 0.999993959
1305031463.759674 -1.716684911 0.052171155 0.329811044 -0.003252307 0.002857631 0.002169259 0.999988275
1305031463.795647 -1.718889371 0.043428189 0.316499881 0.004492497 0.002446121 -0.001011831 0.999986405
1305031463.827761 -1.717240225 0.040272349 0.303527444 0.006997217 0.001828859 -0.004620088 0.999963174
1305031463.859910 -1.718363006 0.026739176 0.293163143 0.000087547 0.003877481 -0.004044695 0.999984299
1305031463.895648 -1.712546678 0.015434923 0.276806508 0.002925873 0.002867796 -0.005275250 0.999977693
1305031463.927664 -1.704488951 0.012393034 0.258006513 0.005711523 0.000839352 -0.006038144 0.999965107
1305031463.959680 -1.699690482 0.004461697 0.241900053 0.000396679 -0.001585798 -0.002326986 0.999995957
1305031463.995821 -1.693743680 -0.005105783 0.223670517 0.001012726 -0.003659171 -0.003623154 0.999986229
1305031464.027703 -1.688870587 -0.012506276 0.205920482 0.003936050 -0.002227131 -0.003792175 0.999982583
1305031464.059652 -1.688858628 -0.021217112 0.192195285 0.001747806 -0.000354900 -0.003851807 0.999990991
1305031464.095634 -1.686864518 -0.033426671 0.175453375 0.000961772 0.000136916 -0.006243266 0.999980039
1305031464.127681 -1.688624651 -0.040012674 0.159562123 0.005581800 0.001138274 -0.005792099 0.999966999
1305031464.159817 -1.687962272 -0.046130055 0.142841720 0.003238987 -0.001687831 -0.001483037 0.999992230
1305031464.195585 -1.685280901 -0.052998454 0.122847503 0.003915299 -0.005782418 0.000022545 0.999975616
1305031464.227624 -1.685083652 -0.062587448 0.108349717 0.008411181 -0.007589889 0.000647760 0.999935611
1305031464.259644 -1.681365772 -0.058271430 0.091183638 0.009110011 -0.012827755 -0.000475826 0.999876107
1305031464.295667 -1.678294016 -0.058444523 0.078757154 0.003455508 -0.013325318 0.001446723 0.999904197
1305031464.327866 -1.676006015 -0.064170274 0.068039176 -0.000418470 -0.012380408 -0.000275777 0.999923234
1305031464.359684 -1.674705368 -0.073786276 0.057899374 -0.000649457 -0.007935225 -0.000271525 0.999968268
1305031464.395611 -1.671436403 -0.080473516 0.043548290 0.002152525 -0.006605230 -0.002059846 0.999973747
1305031464.427634 -1.665536586 -0.080843156 0.027865777 0.004579028 -0.004588471 -0.005928132 0.999961417
1305031464.459689 -1.665300730 -0.088180584 0.017446061 0.002316308 0.001762285 -0.007398845 0.999968393
1305031464.495633 -1.658790532 -0.094628927 0.000875589 0.001941973 -0.002913107 -0.005940363 0.999976227
1305031464.527574 -1.653325775 -0.095306736 -0.018084144 0.002724414 -0.002025773 -0.004877392 0.999982342
1305031464.559703 -1.654217880 -0.097153936 -0.030830448 0.002850192 0.001598479 -0.006334992 0.999974594
1305031464.595698 -1.657212955 -0.113442133 -0.042495203 -0.002635002 0.002592284 -0.008523105 0.999956846
1305031464.627672 -1.647642736 -0.126645045 -0.069289942 0.002600065 0.002117925 -0.010614343 0.999938043
1305031464.659749 -1.643307355 -0.126678536 -0.093725459 0.012327167 0.008630901 -0.008596819 0.999849810
1305031464.695663 -1.635122032 -0.131312917 -0.118386758 0.011237619 0.007514376 -0.013113610 0.999822626
1305031464.727652 -1.636852413 -0.148933265 -0.136192586 0.013660695 0.008054565 -0.013975590 0.999776571
1305031464.759740 -1.627571882 -0.153296855 -0.150720045 0.019745829 0.000489214 -0.013786699 0.999709853
1305031464.796021 -1.623167926 -0.162354639 -0.157902600 0.011013953 -0.001355235 -0.013842415 0.999842609
1305031464.827759 -1.624196298 -0.190770511 -0.159530787 0.003267803 -0.001644157 -0.010793076 0.999935062
1305031464.859654 -1.626037943 -0.204733347 -0.155830254 0.009031312 -0.009318323 -0.006821739 0.999892528
1305031464.895817 -1.609447105 -0.210819929 -0.153173619 0.003422376 -0.010017291 -0.006966534 0.999919701
1305031464.927799 -1.597178008 -0.225939952 -0.145353130 -0.003315804 -0.009342968 -0.013960752 0.999853395
1305031464.959763 -1.582382034 -0.241459321 -0.147297898 -0.001867122 -0.010562735 -0.017576655 0.999787979
1305031464.995687 -1.568675485 -0.255817749 -0.146655799 0.003479222 -0.004759048 -0.015452616 0.999863222
1305031465.027823 -1.561028300 -0.256692922 -0.142867481 0.006361532 0.000453421 -0.016669677 0.999840711
1305031465.059749 -1.549406010 -0.255937793 -0.137606059 0.005911308 -0.001339333 -0.019053824 0.999800087
1305031465.095700 -1.536987059 -0.242165019 -0.123571942 0.007189969 -0.004791882 -0.012176746 0.999888528
1305031465.127664 -1.517058343 -0.221894361 -0.096979936 -0.001480770 -0.010751492 -0.011238428 0.999877948
1305031465.159842 -1.496295307 -0.224512140 -0.078454769 -0.016683473 -0.015427394 -0.013049354 0.999656627
1305031465.195564 -1.487005664 -0.222750671 -0.054559120 -0.013879707 -0.008658109 -0.004964863 0.999853860
1305031465.227907 -1.476656415 -0.218906003 -0.032239039 -0.009460186 -0.007362828 -0.003737454 0.999921159
1305031465.259807 -1.456317248 -0.211975546 -0.014409925 -0.009327673 -0.009503006 -0.001979043 0.999909381
1305031465.295623 -1.439134994 -0.211638528 0.001148928 -0.009461800 -0.008535275 0.002679757 0.999915218
1305031465.327674 -1.419538632 -0.194866045 0.010861947 -0.001508826 -0.010150677 0.012635432 0.999867508
1305031465.359948 -1.395821028 -0.186631917 0.019716363 -0.004705755 -0.013657820 0.013930022 0.999798617
1305031465.395586 -1.380072928 -0.187325426 0.027578664 -0.004114731 -0.014034943 0.013166599 0.999806346
1305031465.427697 -1.354075479 -0.181795195 0.028219952 0.001845118 -0.017756947 0.008911614 0.999800915
1305031465.460125 -1.330934071 -0.168554289 0.026457478 0.004551201 -0.013593745 0.011144662 0.999835133
1305031465.495703 -1.320805926 -0.155351945 0.026827504 0.003206153 -0.007715622 0.011427092 0.999899801
1305031465.527622 -1.306927512 -0.148427693 0.028490596 -0.002702454 -0.006445601 0.011390487 0.999910700
1305031465.559812 -1.288220944 -0.149249779 0.025418016 -0.001739192 -0.008414799 0.006108475 0.999944425
1305031465.595599 -1.268176479 -0.135728137 0.016549390 0.006798237 -0.008246456 0.006247629 0.999923371
1305031465.627688 -1.251361108 -0.120440062 0.008887708 0.006009612 -0.004658529 0.007518813 0.999942823
1305031465.660060 -1.237078791 -0.107451111 0.001771244 0.004738896 -0.004887184 0.009022413 0.999936125
1305031465.695668 -1.226368312 -0.096226771 -0.003895528 0.004934447 -0.006402574 0.009145401 0.999925507
1305031465.727682 -1.211028183 -0.083797066 -0.012307109 0.005166039 -0.005445169 0.005853357 0.999954699
1305031465.759766 -1.193309011 -0.068808227 -0.021349978 0.006534291 -0.004282506 0.008322008 0.999934852
1305031465.795937 -1.188480923 -0.063326659 -0.025394005 0.003068847 0.000931359 0.006340774 0.999974754
1305031465.827996 -1.180207471 -0.062100056 -0.031022570 -0.000175820 0.000179404 0.004455274 0.999990044
1305031465.859861 -1.162051796 -0.049889748 -0.041308969 0.007117476 -0.004121402 0.005928168 0.999948605
1305031465.895494 -1.159107883 -0.035957424 -0.047316415 0.005569648 0.002669702 -0.000572579 0.999980762
1305031465.927495 -1.137569158 -0.019900339 -0.056047594 0.001062040 0.002917115 0.001439651 0.999994145
1305031465.959710 -1.115229235 -0.011298153 -0.066820217 0.003558859 0.004340580 0.000552539 0.999984094
1305031465.995753 -1.100111856 0.005834893 -0.074779746 0.008651331 0.007019075 -0.002737608 0.999934194
1305031466.027644 -1.094429864 0.021222308 -0.080522458 0.003874572 0.004830783 -0.000790326 0.999980513
1305031466.059757 -1.085026640 0.035826186 -0.084932192 0.002161127 0.002383637 -0.000897979 0.999994421
1305031466.095840 -1.073071462 0.057159142 -0.089133530 -0.001594423 0.000357721 0.002831262 0.999994657
1305031466.127640 -1.069081507 0.076300375 -0.091805440 -0.002395377 0.000213534 0.003460258 0.999991122
1305031466.160428 -1.066242115 0.092009502 -0.096097095 -0.004324159 -0.001717056 0.002656860 0.999985647
1305031466.195833 -1.067519718 0.106190997 -0.101575836 -0.004321594 -0.001206440 0.005555439 0.999974502
1305031466.227951 -1.074298139 0.121321382 -0.106243804 -0.006071615 -0.001657201 0.004078527 0.999971877
1305031466.259815 -1.074070949 0.129759112 -0.115411782 -0.008879691 -0.002673608 0.000002567 0.999957001
1305031466.295737 -1.071156387 0.131702607 -0.128137370 -0.002635745 0.001714435 -0.004861720 0.999983238
1305031466.327702 -1.071010526 0.140640843 -0.140180229 0.001554739 0.005410040 -0.010366563 0.999930422
1305031466.359829 -1.062792062 0.157330574 -0.155408925 0.000697009 0.007199479 -0.009021938 0.999933141
1305031466.395784 -1.054568267 0.170128521 -0.170761496 -0.003185345 0.004560275 -0.004737759 0.999973305
1305031466.427819 -1.050148958 0.169421936 -0.187917481 -0.000769081 0.002871018 -0.002801925 0.999991657
1305031466.459790 -1.057728777 0.174480035 -0.198068874 0.003057206 0.002616860 -0.001937250 0.999990026
1305031466.495809 -1.060268606 0.182719532 -0.205039962 -0.001427229 -0.000071903 0.000529127 0.999998839
1305031466.527538 -1.053076943 0.189058071 -0.214659595 -0.004051414 -0.001241868 0.001423934 0.999990008
1305031466.560353 -1.037095148 0.197631319 -0.227232365 -0.001369979 0.001757428 0.000563777 0.999997358
1305031466.595936 -1.023478724 0.215310612 -0.237227301 -0.000968775 0.001479089 -0.002502530 0.999995306
1305031466.627549 -1.002964485 0.227556242 -0.247144283 -0.007619124 -0.002764661 -0.003439453 0.999961237
1305031466.659688 -0.983733789 0.226166091 -0.258076048 -0.004443798 0.000549162 -0.004464414 0.999980010
1305031466.695822 -0.974279880 0.232083695 -0.267787709 0.004404841 0.003809605 -0.005006897 0.999970507
1305031466.728074 -0.969195022 0.245995596 -0.270056167 0.000590078 0.000180378 -0.003740948 0.999992812
1305031466.759637 -0.953875764 0.247624130 -0.279305717 -0.006479386 -0.002602501 -0.008295974 0.999941209
1305031466.795604 -0.949975098 0.246218146 -0.286933677 0.002017179 0.002982700 -0.007271163 0.999967082
1305031466.827879 -0.937884188 0.261430196 -0.297176118 0.005897502 -0.002851544 -0.004079689 0.999970222
1305031466.859665 -0.928110004 0.266901194 -0.305660057 -0.003609861 -0.003779085 -0.000231848 0.999986317
1305031466.895694 -0.923586903 0.259988875 -0.312993496 -0.002954828 -0.003128176 0.002323441 0.999988042
1305031466.927756 -0.912053765 0.266105030 -0.320363241 0.004387315 -0.009969413 0.000938434 0.999940239
1305031466.959728 -0.918521274 0.258535732 -0.325472550 -0.002878852 -0.003276191 0.004475343 0.999980475
1305031466.995712 -0.915192246 0.251788299 -0.331559635 -0.001590156 -0.003052099 0.001482800 0.999992979
1305031467.027843 -0.909848225 0.249434397 -0.336752821 -0.000555096 -0.001579808 -0.001051963 0.999998045
1305031467.059700 -0.907473879 0.248274641 -0.339260648 0.000052427 -0.000289750 -0.001079732 0.999999374
1305031467.095687 -0.906834063 0.248525026 -0.340456822 -0.000085665 -0.000101988 -0.000136971 0.999999982
1305031467.128974 -0.900984717 0.252173472 -0.342885450 -0.000811637 0.000007744 -0.003099160 0.999994868
1305031467.159660 -0.905977280 0.254504430 -0.347284092 -0.000034021 0.001848563 -0.005416001 0.999983624
1305031467.195663 -0.904405481 0.252946376 -0.349768905 0.000445473 0.000009067 -0.004159392 0.999991250
1305031467.227704 -0.903734658 0.250064380 -0.352210526 -0.000186931 -0.000739365 -0.001194320 0.999998996
1305031467.259694 -0.905083825 0.248218598 -0.354360707 0.000168270 -0.000338442 -0.001331111 0.999999043
1305031467.295846 -0.906210147 0.246822988 -0.357543638 0.000880284 -0.000385944 -0.001860518 0.999997807
1305031467.328008 -0.908792645 0.242994505 -0.359045997 0.000503418 -0.000470402 -0.003165930 0.999994751
1305031467.359654 -0.910463692 0.240516937 -0.360089119 -0.000420674 -0.000642936 -0.000333370 0.999999649
1305031467.395756 -0.913177334 0.246664048 -0.360008711 -0.001663009 -0.001295972 0.002117785 0.999995535
1305031467.427783 -0.912812410 0.251327749 -0.361395675 -0.002339182 -0.001251300 -0.000417458 0.999996394
1305031467.459692 -0.912384792 0.246743701 -0.366352085 -0.002173951 -0.001524824 0.001125057 0.999995842
1305031467.496058 -0.916380210 0.248009578 -0.367236680 0.000207949 -0.000825391 0.000583507 0.999999468
1305031467.527663 -0.916937181 0.259185434 -0.366632685 -0.001078071 -0.000705811 -0.000943736 0.999998724
1305031467.559763 -0.914123728 0.266270627 -0.367014743 -0.001127048 -0.000433612 -0.002717454 0.999995579
1305031467.595989 -0.911816844 0.264078343 -0.368741657 0.000096621 0.000050518 -0.000871860 0.999999614
1305031467.627532 -0.909205744 0.261102971 -0.370120739 0.000018106 -0.000201879 0.002351618 0.999997214
1305031467.659626 -0.913457477 0.246368103 -0.378379374 -0.001171029 0.000528125 0.006549847 0.999977724
1305031467.695886 -0.914144781 0.224935819 -0.387157628 -0.001360500 -0.001058176 0.003042242 0.999993887
1305031467.727535 -0.913951930 0.217691170 -0.388097530 0.000525086 -0.000206188 -0.001722095 0.999998358
1305031467.759907 -0.910274994 0.204086370 -0.390186075 0.000631598 -0.000175615 -0.004073755 0.999991487
1305031467.796075 -0.908164301 0.190475400 -0.391572464 0.001559493 0.000299248 -0.001767668 0.999997177
1305031467.827800 -0.902422604 0.180828117 -0.392558046 0.000944843 -0.000367119 -0.001471170 0.999998404
1305031467.859729 -0.899400169 0.162991352 -0.393607506 0.000585563 -0.000495538 0.000137085 0.999999696
1305031467.895947 -0.894579531 0.148193547 -0.390067412 0.004421644 -0.001451025 0.003475579 0.999983132
1305031467.927754 -0.891512211 0.135253732 -0.384571591 0.001219532 -0.002839179 0.002176347 0.999992858
1305031467.959826 -0.889828798 0.120915503 -0.379037393 0.001007389 -0.002322966 0.000107566 0.999996789
1305031467.995754 -0.886085137 0.108172442 -0.374727795 0.002699729 -0.001431282 -0.000355250 0.999995268
1305031468.028107 -0.871473022 0.110384796 -0.368913037 0.001166241 -0.002287173 -0.001365030 0.999995773
1305031468.059850 -0.855464501 0.106878388 -0.364445931 0.000726597 -0.002134585 -0.002398210 0.999994582
1305031468.095867 -0.841154306 0.093569873 -0.359009378 0.001947778 -0.002365768 -0.002088211 0.999993124
1305031468.127816 -0.830640382 0.091760088 -0.354494063 0.000348320 -0.002270688 -0.000512031 0.999997230
1305031468.159864 -0.824123243 0.088833914 -0.352327398 -0.000357013 -0.001168246 0.000080708 0.999999251
1305031468.195985 -0.818955918 0.085694476 -0.350349651 0.000425799 -0.000657935 -0.001117432 0.999999069
1305031468.228158 -0.798733638 0.082472878 -0.346577398 0.000130220 -0.002622907 -0.002551768 0.999993296
1305031468.259754 -0.790673127 0.078242707 -0.346152323 -0.000810547 -0.001188873 0.000355571 0.999998902
1305031468.295830 -0.777651957 0.072508757 -0.346830496 -0.000522557 -0.001384357 -0.000457822 0.999998800
1305031468.327847 -0.762088774 0.064404731 -0.346649322 -0.000321941 -0.001562104 -0.001825077 0.999997063
1305031468.359787 -0.746159527 0.048125589 -0.350711865 -0.000336056 -0.000398570 0.001145918 0.999999208
1305031468.395860 -0.729722028 0.038935745 -0.350424066 0.001202247 -0.001272590 0.000697616 0.999998224
1305031468.428025 -0.721849832 0.038187641 -0.350312631 -0.000454937 -0.000982554 0.000654457 0.999999200
1305031468.459759 -0.709856269 0.027887196 -0.352122399 -0.001301813 -0.001781096 -0.000309726 0.999997519
1305031468.495809 -0.694989516 0.015390624 -0.352536099 -0.000746409 -0.002355505 0.000180230 0.999996931
1305031468.527756 -0.686193247 0.008409104 -0.354315992 -0.000936264 -0.000443980 -0.002701656 0.999995814
1305031468.559739 -0.674672643 -0.009708810 -0.358065282 0.000057983 0.000076071 -0.007025378 0.999975317
1305031468.595768 -0.675392630 -0.031054103 -0.359981869 0.000655360 0.000340430 -0.006847155 0.999976285
1305031468.627626 -0.673382692 -0.037874544 -0.360601329 -0.000632183 -0.000297076 -0.000989156 0.999999267
1305031468.659579 -0.672323294 -0.042467881 -0.360522454 -0.000874928 -0.000455498 0.000010009 0.999999513
1305031468.695835 -0.675269973 -0.063560277 -0.361888256 -0.000751677 -0.000696750 -0.000963753 0.999999010
1305031468.727785 -0.680516290 -0.087415812 -0.359999987 0.001559798 -0.001098849 -0.001170087 0.999997495
1305031468.759628 -0.687332283 -0.106145583 -0.355765671 0.002385065 -0.001059733 0.000344964 0.999996535
1305031468.795796 -0.690466678 -0.122012435 -0.355756474 0.000365788 -0.000544026 -0.001347835 0.999998877
1305031468.829247 -0.694798713 -0.144600253 -0.355826889 0.001199634 -0.000109329 -0.005219038 0.999985655
1305031468.859659 -0.698351320 -0.162318093 -0.353255146 0.002627282 -0.000649431 -0.005579063 0.999980775
1305031468.895873 -0.694484426 -0.164476520 -0.352559008 0.000401092 0.000199464 -0.002885915 0.999995735
1305031468.928141 -0.684276359 -0.164001721 -0.353412134 -0.000459891 -0.000169463 -0.003731260 0.999992919
1305031468.959594 -0.671934493 -0.156945810 -0.351247355 0.001080319 -0.000616479 0.000578333 0.999999059
1305031468.995711 -0.660976203 -0.137424962 -0.344699873 0.001937516 -0.000159859 0.000787766 0.999997800
1305031469.027699 -0.653813973 -0.099669779 -0.332101588 0.001654532 -0.000118393 -0.003029261 0.999994036
1305031469.059832 -0.651824827 -0.069788309 -0.323313179 -0.000519311 0.000801290 -0.006195383 0.999980353
1305031469.095723 -0.651125515 -0.048793998 -0.314512895 -0.000007366 -0.000536626 -0.003073291 0.999995133
1305031469.127679 -0.634810636 -0.029216770 -0.305465768 -0.002087736 -0.003098994 -0.008160671 0.999959720
1305031469.159703 -0.626529151 -0.014711416 -0.296589386 -0.003257422 0.000228861 -0.005853111 0.999977539
1305031469.195540 -0.624835778 -0.017657699 -0.287796902 -0.010805342 0.006166596 -0.005360717 0.999908236
1305031469.227754 -0.627083995 -0.024320964 -0.278865567 -0.010119972 0.006002368 -0.002648896 0.999927268
1305031469.259586 -0.619524215 -0.014447551 -0.269689439 0.001148835 0.000445389 -0.002899491 0.999995037
1305031469.296754 -0.616729002 -0.015543353 -0.258857127 -0.004981252 0.001114410 -0.003588045 0.999980535
1305031469.327618 -0.612450297 -0.017447293 -0.247886955 -0.005931352 0.001553914 -0.001887447 0.999979421
1305031469.359592 -0.608090041 -0.015868921 -0.234982929 -0.005015590 0.000122002 -0.003091861 0.999982635
1305031469.395695 -0.611302702 -0.017508148 -0.222029726 -0.008016081 0.005991639 -0.004291968 0.999940709
1305031469.427651 -0.621400731 -0.014765547 -0.209988879 -0.004017420 0.010228936 -0.004818091 0.999928005
1305031469.459668 -0.627883965 -0.012069349 -0.196556874 -0.003615638 0.009288246 -0.005468888 0.999935371
1305031469.495744 -0.628825717 -0.008838090 -0.183809449 -0.003560038 0.005629215 -0.006668311 0.999955585
1305031469.527622 -0.626630666 -0.003034932 -0.170354946 -0.001067419 0.001470825 -0.002141288 0.999996056
1305031469.559645 -0.622129315 0.003091670 -0.154741619 -0.002436007 -0.001905556 0.001189026 0.999994510
1305031469.595755 -0.616351716 0.012347071 -0.139672825 -0.003715274 -0.002320859 0.000798832 0.999990086
1305031469.627752 -0.606935300 0.022153113 -0.124366049 -0.005118336 -0.003642816 0.000656543 0.999980051
1305031469.659590 -0.604704893 0.030786319 -0.108847780 -0.006867770 0.000527303 0.002416126 0.999973359
1305031469.695613 -0.601234595 0.041720892 -0.093131597 -0.001222468 0.000977492 0.001122284 0.999998145
1305031469.727679 -0.598297550 0.052036063 -0.076269384 -0.001810036 0.000782800 0.000296277 0.999998012
1305031469.759599 -0.594914361 0.060992098 -0.059096226 -0.002522033 0.000488937 0.001164755 0.999996022
1305031469.795621 -0.590588574 0.075836470 -0.042332498 -0.000949098 0.000029177 0.002991175 0.999995076
1305031469.827526 -0.586284827 0.082430629 -0.026801174 -0.004916906 -0.002277778 0.002401003 0.999982435
1305031469.859574 -0.581784534 0.094202516 -0.011251868 -0.001867353 -0.003777671 0.000579722 0.999990953
1305031469.895755 -0.575814413 0.101098850 0.004870601 -0.003607986 -0.004473684 -0.000388515 0.999983409
1305031469.927854 -0.569922475 0.110123404 0.020314093 -0.000898959 -0.003643589 0.000741070 0.999992683
1305031469.959805 -0.565658416 0.114637368 0.034074188 -0.002649865 -0.004427125 -0.001153952 0.999986023
1305031469.995551 -0.565753551 0.122360675 0.046621925 -0.000957687 -0.002975929 -0.000588394 0.999994940
1305031470.027694 -0.565935526 0.131590843 0.058880523 0.000148569 -0.003196750 0.000176855 0.999994864
1305031470.059638 -0.564389645 0.136176760 0.071065682 -0.002338351 -0.001811165 -0.002264084 0.999993063
1305031470.095944 -0.563378640 0.142876607 0.081262998 -0.000696467 -0.001834730 -0.002315434 0.999995394
1305031470.127633 -0.560547747 0.150555414 0.090420392 0.000412181 -0.002800359 -0.000985914 0.999995508
1305031470.159626 -0.557764196 0.155922343 0.099313046 -0.002495500 -0.003436359 -0.001802308 0.999989358
1305031470.196092 -0.552959175 0.159035479 0.106842513 -0.002360330 -0.004167277 -0.002398575 0.999985655
1305031470.227618 -0.549600549 0.165133265 0.113234424 -0.000434382 -0.004146099 -0.000131787 0.999991302
1305031470.259965 -0.544629176 0.171067239 0.120866776 -0.000763663 -0.003691858 -0.000957029 0.999992436
1305031470.295718 -0.541264655 0.175482786 0.128716876 -0.002164207 -0.003180945 -0.001879517 0.999990833
1305031470.327644 -0.535242301 0.181494180 0.136813220 -0.000626648 -0.004395285 -0.001373767 0.999989201
1305031470.359624 -0.532217807 0.182550513 0.144990555 -0.004334955 -0.003692140 -0.000717352 0.999983531
1305031470.395823 -0.527224925 0.184602381 0.150888138 -0.002590053 -0.005226421 -0.000713222 0.999982734
1305031470.427641 -0.524744302 0.185549294 0.156346661 -0.002432497 -0.002994560 -0.001424213 0.999991544
1305031470.459721 -0.524667819 0.187382314 0.160168181 -0.001014289 -0.001332964 -0.002109443 0.999996372
1305031470.495686 -0.530218837 0.190500071 0.163722243 0.000488594 0.000968220 0.000735436 0.999999141
1305031470.527689 -0.528506571 0.194662540 0.165448836 0.001947186 -0.001478057 -0.000331993 0.999996957
1305031470.559677 -0.529923407 0.198387291 0.168517908 0.000903795 0.000019261 -0.000035459 0.999999591
1305031470.595760 -0.530505999 0.200386896 0.172284551 -0.000281803 -0.000443515 -0.001188365 0.999999156
1305031470.627729 -0.530721472 0.202842959 0.175648999 0.000245969 -0.000799372 0.000794411 0.999999335
1305031470.659690 -0.528865975 0.203024694 0.179442576 -0.001476689 -0.001768139 0.000388975 0.999997271
1305031470.695630 -0.528507573 0.204508828 0.182819077 -0.000914056 -0.001195642 0.002299103 0.999996225
1305031470.727654 -0.526355243 0.203466286 0.186316010 -0.002383349 -0.002698640 -0.001188308 0.999992812
1305031470.759682 -0.526692110 0.204590700 0.187592935 -0.000049551 0.000198544 0.000036091 0.999999978
1305031470.795615 -0.529114622 0.204453182 0.190470517 -0.001924424 0.001028556 -0.000611550 0.999997432
1305031470.827831 -0.530869850 0.201725735 0.192976132 -0.002823251 0.000127596 -0.001516205 0.999994857
1305031470.859645 -0.530731666 0.200629907 0.191901458 0.000928926 -0.000406498 -0.000016483 0.999999486
1305031470.895722 -0.529805559 0.202559404 0.188899496 0.003326192 -0.000265110 0.000892552 0.999994035
1305031470.927684 -0.528448358 0.202218743 0.186421065 0.001865762 -0.001245158 0.002075800 0.999995330
1305031470.959647 -0.530516934 0.200060851 0.182116668 0.000942577 -0.000448927 0.003141693 0.999994520
1305031470.995996 -0.528823860 0.202952729 0.175672867 0.008829958 -0.001446320 -0.001536829 0.999958788
1305031471.027644 -0.534291956 0.203107078 0.172369137 0.006172049 0.002424988 0.001221971 0.999977266
1305031471.059636 -0.535462877 0.199702639 0.168704268 0.006375322 0.000810319 -0.003404492 0.999973554
1305031471.095777 -0.540415256 0.196917862 0.167135375 0.008673965 0.002328548 0.002318346 0.999956982
1305031471.127663 -0.540000522 0.196329859 0.163247762 0.006396612 -0.001397746 0.002373208 0.999975748
1305031471.159649 -0.538437358 0.194279808 0.159932863 0.005774784 -0.002233371 0.001925212 0.999978979
1305031471.195703 -0.537593510 0.194070995 0.157625414 0.005410880 -0.001068306 0.001160673 0.999984117
1305031471.227569 -0.537603808 0.193838034 0.156474303 0.001963966 -0.000135699 0.000386986 0.999997987
1305031471.259722 -0.538003454 0.192999639 0.156228648 0.000102981 0.000126694 0.000312340 0.999999938
1305031471.296068 -0.538139532 0.190302753 0.155424501 -0.001058592 -0.000517664 -0.000169694 0.999999291
1305031471.327642 -0.540446479 0.187337515 0.154023770 0.000384053 0.001011879 0.001375813 0.999998468
1305031471.359615 -0.543549178 0.187495719 0.152688324 0.002762087 0.002843738 -0.001023873 0.999991618
1305031471.395730 -0.548897827 0.186216398 0.151920106 -0.001112428 0.004898636 -0.000603537 0.999987201
1305031471.427704 -0.552422579 0.182649457 0.149158883 -0.000349965 0.002610683 0.001807677 0.999994897
1305031471.459647 -0.550121753 0.183171111 0.146101900 0.003876161 -0.001964996 0.002193037 0.999988152
1305031471.496491 -0.548269051 0.182938003 0.144380962 0.000766984 -0.001947996 0.001196918 0.999997092
1305031471.527624 -0.547729966 0.180711573 0.142690695 -0.001208024 -0.001188223 0.001449181 0.999997514
1305031471.559671 -0.548923454 0.180107124 0.140755544 -0.000119301 -0.000195818 0.001172343 0.999999287
1305031471.595702 -0.552425579 0.179505411 0.138986031 -0.000763938 0.002180760 0.000896190 0.999996929
1305031471.627621 -0.555424481 0.179081579 0.136613795 -0.000458164 0.002719435 -0.000664762 0.999995976
1305031471.659642 -0.559205628 0.178044104 0.134173417 -0.000532714 0.003345910 0.000125388 0.999994253
1305031471.695609 -0.561370088 0.178423118 0.131236622 0.001769235 0.001866178 -0.000030717 0.999996693
1305031471.727501 -0.562738171 0.181457901 0.129060681 0.002734748 0.001651851 0.001981591 0.999992933
1305031471.759702 -0.562757246 0.181519338 0.128564294 -0.000420524 0.000099292 0.000945660 0.999999460
1305031471.795801 -0.561882598 0.181589552 0.127288564 0.000553563 0.000211008 0.001474013 0.999998738
1305031471.827639 -0.562148290 0.185336465 0.126916187 0.001590143 0.002250996 0.002613776 0.999992786
1305031471.859665 -0.562466634 0.188638264 0.126895939 -0.002918140 0.001861222 0.004661113 0.999983147
1305031471.895604 -0.561918352 0.191183787 0.127311570 -0.001792880 0.000664031 0.003842868 0.999990788
1305031471.927651 -0.562128644 0.194770495 0.129489016 -0.001604009 0.001176822 0.002128626 0.999995756
1305031471.959643 -0.564033294 0.194705730 0.131554504 -0.004651149 0.002855762 -0.000565902 0.999984945
1305031471.995573 -0.568895803 0.197053547 0.132894201 0.000848167 0.005204708 0.000199616 0.999986076
1305031472.027638 -0.570918876 0.203824479 0.135975779 0.001174271 0.004143538 0.001705914 0.999989271
1305031472.059668 -0.572901111 0.204023799 0.138767375 -0.005998013 0.002080084 -0.000530390 0.999979708
1305031472.095601 -0.573378176 0.205512760 0.139655695 0.000078119 0.000589353 -0.000230754 0.999999797
1305031472.127594 -0.574002485 0.210794258 0.142241407 0.001842711 0.001587345 0.001295279 0.999996203
1305031472.159645 -0.575511112 0.210837785 0.144651685 -0.006384088 0.000174497 0.000212518 0.999979584
1305031472.195682 -0.575022905 0.208462200 0.144945400 -0.001820361 -0.000639010 0.000350797 0.999998077
1305031472.227626 -0.576030399 0.209717548 0.144155333 0.003082645 0.000632338 0.002775324 0.999991197
1305031472.263840 -0.576469672 0.209778644 0.143832919 0.001075135 0.000126676 -0.000101594 0.999999409
1305031472.295671 -0.579814306 0.205968041 0.142463019 0.000744713 0.001650045 0.001385876 0.999997401
1305031472.327678 -0.583562897 0.206822135 0.141092703 0.006675306 0.002862298 0.003729583 0.999966668
1305031472.363577 -0.585306355 0.207870046 0.140252264 0.003375044 0.001099459 0.001889632 0.999991915
1305031472.395599 -0.584779660 0.206907679 0.139688264 -0.000608188 -0.000573357 0.000240504 0.999999622
1305031472.427686 -0.583223379 0.203949891 0.138086209 -0.000771132 -0.001873108 0.000893675 0.999997549
1305031472.463603 -0.583109173 0.201641166 0.136431864 0.000388643 -0.001281144 -0.000041959 0.999999103
1305031472.495626 -0.584246255 0.199966888 0.135524643 0.000298191 0.000624231 -0.001372327 0.999998819
1305031472.527625 -0.586097454 0.197213788 0.135009059 -0.001281525 0.001462357 -0.000292593 0.999998067
1305031472.563587 -0.587192735 0.191545264 0.132786548 -0.000725537 0.000667168 0.001350998 0.999998602
1305031472.595675 -0.587843354 0.188863456 0.130982476 0.004928631 -0.000683008 0.003255118 0.999982323
1305031472.627701 -0.586813756 0.188299549 0.129712333 0.002836544 -0.000643976 0.002843733 0.999991726
1305031472.663575 -0.585701017 0.185545499 0.128653764 -0.000907372 -0.001263595 0.000504810 0.999998663
1305031472.695755 -0.584379921 0.181881716 0.127290695 -0.000312386 -0.001060020 0.000314535 0.999999340
1305031472.727628 -0.584474977 0.178200308 0.126666718 0.000893968 -0.000311569 0.000691172 0.999999313
1305031472.763578 -0.584790653 0.175038471 0.126574367 0.001749537 -0.000006712 -0.000232908 0.999998442
1305031472.795640 -0.586135024 0.173072236 0.126605114 0.001394236 0.001024355 -0.000442955 0.999998405
1305031472.827627 -0.587801597 0.170294945 0.126684726 0.001423893 0.002092395 0.000655954 0.999996582
1305031472.863598 -0.588663614 0.169127154 0.126640157 0.002088199 0.000536976 0.000368221 0.999997608
1305031472.895713 -0.589354188 0.168444705 0.126900244 0.001094045 0.000066931 0.002180424 0.999997022
1305031472.927685 -0.587161097 0.167118973 0.127326745 -0.000617479 -0.001686864 0.001405826 0.999997398
1305031472.963756 -0.586200824 0.165064497 0.127554317 -0.001019159 -0.000771452 0.000856198 0.999998817
1305031472.995704 -0.585411977 0.165173155 0.127890974 0.000037046 -0.000514475 0.000705012 0.999999618
1305031473.027638 -0.584398723 0.164208954 0.128564647 -0.001053402 -0.000991153 0.000751974 0.999998671
1305031473.063684 -0.583428212 0.163151604 0.129295869 -0.000891685 -0.000833210 -0.000222231 0.999999231
1305031473.095695 -0.584152041 0.162223966 0.129479162 -0.000844815 0.000436568 -0.000066218 0.999999546
1305031473.127744 -0.586351998 0.162601604 0.130054551 0.000589718 0.001703943 -0.001145604 0.999997718
1305031473.167060 -0.587051220 0.161428252 0.130159433 -0.000283309 0.000377627 -0.000707064 0.999999639
1305031473.196069 -0.586735736 0.160444223 0.129622195 0.000408763 -0.000395819 0.000092353 0.999999834
